11615;0;0;0;0.35359;0
11614;0;0;0;0.14614;0
11613;0;0;0;0.32448;0
11612;0;0;0;0.15883;0
11611;0;0;0;0.3209;0
11610;0;0;0;0.58522;0
11609;0;0;0;0.19102;0
11608;0;0;0;0.35627;0
11607;0;0;0;0.095869;0
11606;0;0;0;0.30508;0
11605;0;0;0;0.6616;0
11604;0;0;0;0.3937;0
11603;0;0;0;0.4714;0
11602;0;0;0;0.28609;0
11601;1;11614;11615;0.68805;10
11600;0;0;0;0.026211;0
11599;0;0;0;0.39586;0
11598;0;0;0;0.26716;0
11597;0;0;0;0.35034;0
11596;0;0;0;0.0969;0
11595;0;0;0;0.40245;0
11594;0;0;0;0.30273;0
11593;0;0;0;0.094088;0
11592;1;11612;11613;0.14636;10
11591;1;11610;11611;0.66154;8
11590;1;11608;11609;0.40636;12
11589;0;0;0;0.41652;0
11588;1;11606;11607;0.65197;3
11587;0;0;0;0.51176;0
11586;0;0;0;0.74074;0
11585;1;11604;11605;0.5571;12
11584;0;0;0;0.3056;0
11583;0;0;0;0.13095;0
11582;1;11602;11603;0.72492;3
11581;1;11600;11601;0.84585;6
11580;1;11598;11599;0.27374;3
11579;0;0;0;0.050301;0
11578;0;0;0;0.34949;0
11577;1;11596;11597;0.4205;3
11576;0;0;0;0.56932;0
11575;0;0;0;0.47139;0
11574;1;11594;11595;0.79533;1
11573;1;11592;11593;0.41339;3
11572;0;0;0;0.48877;0
11571;0;0;0;0.33586;0
11570;0;0;0;0.58344;0
11569;0;0;0;0.4025;0
11568;0;0;0;0.18679;0
11567;0;0;0;0.46738;0
11566;0;0;0;0.65636;0
11565;0;0;0;0.48816;0
11564;1;11590;11591;0.6477;3
11563;1;11588;11589;0.21756;11
11562;0;0;0;0.10846;0
11561;1;11586;11587;0.50717;12
11560;1;11584;11585;0.59562;4
11559;0;0;0;0.24097;0
11558;0;0;0;0.12958;0
11557;0;0;0;0.52952;0
11556;0;0;0;0.27014;0
11555;0;0;0;0.43618;0
11554;1;11582;11583;0.98389;6
11553;0;0;0;0.48735;0
11552;0;0;0;0.54457;0
11551;1;11580;11581;0.057562;5
11550;0;0;0;0.34788;0
11549;1;11578;11579;0.23129;8
11548;0;0;0;0.5108;0
11547;1;11576;11577;0.44963;8
11546;0;0;0;0.53211;0
11545;1;11574;11575;0.20124;6
11544;0;0;0;0.26462;0
11543;0;0;0;0.27404;0
11542;0;0;0;0.65671;0
11541;1;11572;11573;0.50245;7
11540;0;0;0;0.13785;0
11539;0;0;0;0.13938;0
11538;0;0;0;0.39413;0
11537;0;0;0;0.24767;0
11536;1;11570;11571;0.30499;8
11535;0;0;0;0.553;0
11534;1;11568;11569;0.013839;5
11533;1;11566;11567;0.83389;6
11532;0;0;0;0.72105;0
11531;1;11564;11565;0.88551;7
11530;1;11562;11563;0.60387;4
11529;0;0;0;0.10662;0
11528;1;11560;11561;0.16897;11
11527;1;11558;11559;0.31856;3
11526;0;0;0;0.40599;0
11525;0;0;0;0.77516;0
11524;0;0;0;0.5481;0
11523;1;11556;11557;0.093759;10
11522;0;0;0;0.24233;0
11521;0;0;0;0.54736;0
11520;1;11554;11555;0.26867;2
11519;0;0;0;0.42281;0
11518;0;0;0;0.076155;0
11517;0;0;0;0.38014;0
11516;0;0;0;0.1338;0
11515;1;11552;11553;0.88536;5
11514;0;0;0;0.56192;0
11513;0;0;0;0.31116;0
11512;0;0;0;0.48264;0
11511;0;0;0;0.22773;0
11510;0;0;0;0.53632;0
11509;1;11550;11551;0.38493;11
11508;0;0;0;0.39077;0
11507;0;0;0;0.58061;0
11506;0;0;0;0.37263;0
11505;0;0;0;0.47812;0
11504;1;11548;11549;0.61644;10
11503;0;0;0;0.73768;0
11502;0;0;0;0.43798;0
11501;0;0;0;0.32013;0
11500;0;0;0;0.69197;0
11499;1;11546;11547;0.0438;5
11498;0;0;0;0.29424;0
11497;0;0;0;0.37935;0
11496;0;0;0;0.54794;0
11495;0;0;0;0.95393;0
11494;0;0;0;0.49106;0
11493;1;11544;11545;0.99709;2
11492;0;0;0;0.55245;0
11491;0;0;0;0.21049;0
11490;0;0;0;0.25577;0
11489;1;11542;11543;0.75429;4
11488;0;0;0;0.18205;0
11487;1;11540;11541;0.31131;8
11486;0;0;0;0.091928;0
11485;0;0;0;0.53621;0
11484;0;0;0;0.21509;0
11483;1;11538;11539;0.22478;10
11482;0;0;0;0.049931;0
11481;0;0;0;0.13387;0
11480;1;11536;11537;0.014285;5
11479;1;11534;11535;0.54413;3
11478;1;11532;11533;0.47151;4
11477;1;11530;11531;0.32287;2
11476;1;11528;11529;0.6085;12
11475;0;0;0;0.20576;0
11474;0;0;0;0.48622;0
11473;0;0;0;0.11048;0
11472;1;11526;11527;0.61555;8
11471;0;0;0;0.27496;0
11470;0;0;0;0.54164;0
11469;1;11524;11525;0.42665;1
11468;0;0;0;0.50814;0
11467;1;11522;11523;0.62867;3
11466;1;11520;11521;0.17274;5
11465;0;0;0;0.47877;0
11464;0;0;0;0.8344;0
11463;0;0;0;0.025504;0
11462;1;11518;11519;0.75192;2
11461;1;11516;11517;0.62987;10
11460;0;0;0;0.41489;0
11459;0;0;0;0.53522;0
11458;0;0;0;0.68347;0
11457;0;0;0;0.59994;0
11456;1;11514;11515;0.42436;8
11455;0;0;0;0.64399;0
11454;1;11512;11513;0.064639;9
11453;1;11510;11511;0.97411;1
11452;1;11508;11509;0.24139;2
11451;0;0;0;0.36843;0
11450;0;0;0;0.53075;0
11449;0;0;0;0.70271;0
11448;1;11506;11507;0.3024;9
11447;1;11504;11505;0.46401;3
11446;1;11502;11503;0.88605;6
11445;0;0;0;0.20574;0
11444;0;0;0;0.080381;0
11443;1;11500;11501;0.37433;3
11442;0;0;0;0.56823;0
11441;1;11498;11499;0.030949;5
11440;1;11496;11497;0.454;3
11439;0;0;0;0.10909;0
11438;0;0;0;0.3663;0
11437;0;0;0;0.34075;0
11436;0;0;0;0.5242;0
11435;0;0;0;0.25076;0
11434;1;11494;11495;0.26762;3
11433;0;0;0;0.66384;0
11432;0;0;0;0.59454;0
11431;0;0;0;0.40622;0
11430;0;0;0;0.61697;0
11429;0;0;0;0.91315;0
11428;0;0;0;0.69142;0
11427;0;0;0;0.12916;0
11426;0;0;0;0.15187;0
11425;1;11492;11493;0.26861;10
11424;1;11490;11491;0.072406;5
11423;1;11488;11489;0.35224;2
11422;0;0;0;0.10443;0
11421;0;0;0;0.73514;0
11420;0;0;0;0.53182;0
11419;1;11486;11487;0.6571;1
11418;1;11484;11485;0.77424;8
11417;0;0;0;0.56037;0
11416;0;0;0;0.65259;0
11415;0;0;0;0.44284;0
11414;0;0;0;0.097376;0
11413;0;0;0;0.68483;0
11412;0;0;0;0.43926;0
11411;0;0;0;0.055327;0
11410;0;0;0;0.26387;0
11409;1;11482;11483;0.63497;1
11408;1;11480;11481;0.98242;6
11407;1;11478;11479;0.29049;2
11406;1;11476;11477;0.94427;6
11405;0;0;0;0.18066;0
11404;0;0;0;0.4061;0
11403;0;0;0;0.22144;0
11402;0;0;0;0.41266;0
11401;1;11474;11475;0.83864;7
11400;0;0;0;0.60515;0
11399;1;11472;11473;0.37225;3
11398;0;0;0;0.3369;0
11397;1;11470;11471;0.50111;2
11396;0;0;0;0.4748;0
11395;0;0;0;0.47533;0
11394;0;0;0;0.26008;0
11393;0;0;0;0.77481;0
11392;0;0;0;0.50891;0
11391;1;11468;11469;0.088746;2
11390;1;11466;11467;0.51937;5
11389;0;0;0;0.43763;0
11388;0;0;0;0.76657;0
11387;0;0;0;0.40067;0
11386;1;11464;11465;0.0042756;5
11385;0;0;0;0.28438;0
11384;1;11462;11463;0.70251;10
11383;0;0;0;0.50732;0
11382;0;0;0;0.17349;0
11381;0;0;0;0.64751;0
11380;1;11460;11461;0.00064913;12
11379;0;0;0;0.44647;0
11378;1;11458;11459;0.8499;4
11377;0;0;0;0.75008;0
11376;1;11456;11457;0.41838;3
11375;0;0;0;0.30454;0
11374;0;0;0;0.56064;0
11373;0;0;0;0.3946;0
11372;0;0;0;0.19483;0
11371;0;0;0;0.10179;0
11370;1;11454;11455;0.13418;5
11369;1;11452;11453;0.64684;3
11368;0;0;0;0.066563;0
11367;1;11450;11451;0.72197;4
11366;0;0;0;0.19749;0
11365;0;0;0;0.36003;0
11364;1;11448;11449;0.95981;11
11363;0;0;0;0.093295;0
11362;0;0;0;0.32065;0
11361;0;0;0;0.55332;0
11360;1;11446;11447;0.62912;4
11359;1;11444;11445;0.85434;11
11358;0;0;0;0.49915;0
11357;0;0;0;0.69399;0
11356;0;0;0;0.86354;0
11355;1;11442;11443;0.97486;11
11354;1;11440;11441;0.97684;11
11353;1;11438;11439;0.35565;8
11352;1;11436;11437;0.16544;7
11351;0;0;0;0.709;0
11350;1;11434;11435;0.78034;6
11349;0;0;0;0.71295;0
11348;0;0;0;0.86142;0
11347;1;11432;11433;0.52663;8
11346;0;0;0;0.40197;0
11345;0;0;0;0.22712;0
11344;0;0;0;0.62119;0
11343;1;11430;11431;0.23955;10
11342;0;0;0;0.22118;0
11341;1;11428;11429;0.75465;1
11340;0;0;0;0.4126;0
11339;1;11426;11427;0.42911;8
11338;1;11424;11425;0.18429;10
11337;1;11422;11423;0.66625;4
11336;0;0;0;0.41042;0
11335;0;0;0;0.31341;0
11334;1;11420;11421;0.16174;9
11333;1;11418;11419;0.034714;5
11332;0;0;0;0.56785;0
11331;0;0;0;0.49825;0
11330;1;11416;11417;0.037626;9
11329;0;0;0;0.067444;0
11328;0;0;0;0.31359;0
11327;1;11414;11415;0.56485;8
11326;0;0;0;0.51762;0
11325;0;0;0;0.28453;0
11324;0;0;0;0.028564;0
11323;1;11412;11413;0.014216;5
11322;0;0;0;0.24817;0
11321;0;0;0;0.64941;0
11320;0;0;0;0.32778;0
11319;1;11410;11411;0.68776;4
11318;0;0;0;0.37706;0
11317;1;11408;11409;0.27133;2
11316;1;11406;11407;0.68575;12
11315;1;11404;11405;0.78446;8
11314;0;0;0;0.036839;0
11313;1;11402;11403;0.83821;6
11312;1;11400;11401;0.4959;12
11311;0;0;0;0.21759;0
11310;0;0;0;0.54558;0
11309;0;0;0;0.50219;0
11308;0;0;0;0.27157;0
11307;1;11398;11399;0.28573;1
11306;0;0;0;0.085355;0
11305;0;0;0;0.69036;0
11304;0;0;0;0.51921;0
11303;1;11396;11397;0.85263;8
11302;0;0;0;0.30354;0
11301;1;11394;11395;0.67951;8
11300;0;0;0;0.55036;0
11299;1;11392;11393;0.12097;2
11298;1;11390;11391;0.11257;9
11297;0;0;0;0.41045;0
11296;0;0;0;0.64715;0
11295;1;11388;11389;0.82908;3
11294;0;0;0;0.58436;0
11293;0;0;0;0.32538;0
11292;0;0;0;0.59941;0
11291;0;0;0;0.33968;0
11290;0;0;0;0.6454;0
11289;0;0;0;0.24778;0
11288;0;0;0;0.47933;0
11287;0;0;0;0.29766;0
11286;0;0;0;0.58329;0
11285;0;0;0;0.52721;0
11284;0;0;0;0.77757;0
11283;0;0;0;0.11886;0
11282;0;0;0;0.3628;0
11281;0;0;0;0.20773;0
11280;0;0;0;0.33622;0
11279;0;0;0;0.29157;0
11278;0;0;0;0.53225;0
11277;0;0;0;0.26584;0
11276;1;11386;11387;0.33818;9
11275;0;0;0;0.082173;0
11274;0;0;0;0.37197;0
11273;0;0;0;0.23518;0
11272;0;0;0;0.54883;0
11271;0;0;0;0.52951;0
11270;0;0;0;0.12279;0
11269;0;0;0;0.83387;0
11268;0;0;0;0.51354;0
11267;0;0;0;0.10568;0
11266;0;0;0;0.37223;0
11265;0;0;0;0.17612;0
11264;0;0;0;0.3871;0
11263;0;0;0;0.078162;0
11262;0;0;0;0.44534;0
11261;0;0;0;0.45958;0
11260;0;0;0;0.32802;0
11259;0;0;0;0.098143;0
11258;1;11384;11385;0.0050971;12
11257;0;0;0;0.051016;0
11256;0;0;0;0.20804;0
11255;1;11382;11383;0.80924;1
11254;0;0;0;0.57436;0
11253;0;0;0;0.20444;0
11252;0;0;0;0.4408;0
11251;1;11380;11381;0.88326;6
11250;0;0;0;0.84946;0
11249;1;11378;11379;0.43917;12
11248;0;0;0;0.17163;0
11247;1;11376;11377;0.47553;8
11246;0;0;0;0.50159;0
11245;1;11374;11375;0.74402;7
11244;1;11372;11373;0.87313;6
11243;0;0;0;0.63001;0
11242;1;11370;11371;0.66528;11
11241;1;11368;11369;0.17093;12
11240;0;0;0;0.035706;0
11239;0;0;0;0.17406;0
11238;1;11366;11367;0.15995;8
11237;0;0;0;0.60775;0
11236;0;0;0;0.35464;0
11235;0;0;0;0.23595;0
11234;0;0;0;0.41572;0
11233;1;11364;11365;0.18105;5
11232;0;0;0;0.19171;0
11231;0;0;0;0.29805;0
11230;0;0;0;0.74859;0
11229;0;0;0;0.3973;0
11228;1;11362;11363;0.15488;3
11227;1;11360;11361;0.95255;4
11226;0;0;0;0;0
11225;0;0;0;0.094951;0
11224;1;11358;11359;0.072322;5
11223;0;0;0;0.16403;0
11222;0;0;0;0.47992;0
11221;0;0;0;0.46258;0
11220;1;11356;11357;0.5325;6
11219;1;11354;11355;0.10324;5
11218;0;0;0;0.28855;0
11217;1;11352;11353;0.40978;3
11216;0;0;0;0.18301;0
11215;1;11350;11351;0.83514;6
11214;0;0;0;0.38158;0
11213;1;11348;11349;0.05078;3
11212;0;0;0;0.5;0
11211;0;0;0;0.47355;0
11210;1;11346;11347;0.79843;2
11209;1;11344;11345;0.79683;10
11208;0;0;0;0.86928;0
11207;0;0;0;0.34845;0
11206;0;0;0;0.06808;0
11205;0;0;0;0.52522;0
11204;0;0;0;0.24548;0
11203;0;0;0;0.090344;0
11202;0;0;0;0.493;0
11201;1;11342;11343;0.91724;1
11200;1;11340;11341;0.2595;5
11199;0;0;0;0.60655;0
11198;1;11338;11339;0.95068;1
11197;0;0;0;0.29447;0
11196;0;0;0;0.12971;0
11195;0;0;0;0.33011;0
11194;0;0;0;0.68873;0
11193;0;0;0;0.59769;0
11192;0;0;0;0.8138;0
11191;1;11336;11337;0.048045;11
11190;0;0;0;0.56134;0
11189;0;0;0;0.20108;0
11188;1;11334;11335;0.17399;12
11187;0;0;0;0.11083;0
11186;0;0;0;0.39083;0
11185;1;11332;11333;0.39254;2
11184;0;0;0;0.14479;0
11183;0;0;0;0.31238;0
11182;0;0;0;0.50428;0
11181;0;0;0;0.063651;0
11180;0;0;0;0.2754;0
11179;0;0;0;0.31233;0
11178;1;11330;11331;0.78847;8
11177;0;0;0;0.30112;0
11176;0;0;0;0.44127;0
11175;1;11328;11329;0.82382;8
11174;0;0;0;0.62354;0
11173;0;0;0;0.28028;0
11172;0;0;0;0.63921;0
11171;0;0;0;0.29163;0
11170;0;0;0;0.033909;0
11169;0;0;0;0.70123;0
11168;0;0;0;0.57371;0
11167;0;0;0;0.14333;0
11166;0;0;0;0.011373;0
11165;1;11326;11327;0.94473;6
11164;1;11324;11325;0.50803;8
11163;0;0;0;0.37231;0
11162;0;0;0;0.07021;0
11161;0;0;0;0.13847;0
11160;1;11322;11323;0.57318;12
11159;0;0;0;0.73686;0
11158;1;11320;11321;0.015088;5
11157;0;0;0;0.50809;0
11156;1;11318;11319;0.37175;10
11155;0;0;0;0.56917;0
11154;0;0;0;0.66509;0
11153;1;11316;11317;0.95386;7
11152;0;0;0;0.095116;0
11151;0;0;0;0.44113;0
11150;0;0;0;0.096447;0
11149;0;0;0;0.19687;0
11148;0;0;0;0.43198;0
11147;0;0;0;0.42806;0
11146;0;0;0;0.6616;0
11145;0;0;0;0.64873;0
11144;1;11314;11315;0.094331;11
11143;0;0;0;0.17529;0
11142;1;11312;11313;0.7506;4
11141;0;0;0;0.41621;0
11140;0;0;0;0.33222;0
11139;0;0;0;0.15129;0
11138;1;11310;11311;0.39361;8
11137;0;0;0;0.44534;0
11136;0;0;0;0.62954;0
11135;1;11308;11309;0.11079;11
11134;0;0;0;0.20196;0
11133;1;11306;11307;0.4439;8
11132;0;0;0;0.28961;0
11131;0;0;0;0.47445;0
11130;0;0;0;0.48763;0
11129;0;0;0;0.38321;0
11128;0;0;0;0.60666;0
11127;0;0;0;0.83539;0
11126;1;11304;11305;0.13751;5
11125;0;0;0;0.61457;0
11124;0;0;0;0.11928;0
11123;1;11302;11303;0.02701;11
11122;0;0;0;0.19707;0
11121;0;0;0;0.031098;0
11120;0;0;0;0.39784;0
11119;0;0;0;0.64331;0
11118;1;11300;11301;0.62538;8
11117;0;0;0;0.19061;0
11116;1;11298;11299;0.95046;12
11115;0;0;0;0.73932;0
11114;1;11296;11297;0.44635;4
11113;0;0;0;0.52697;0
11112;0;0;0;0.33028;0
11111;1;11294;11295;0.48516;8
11110;0;0;0;0.28066;0
11109;0;0;0;0.75353;0
11108;0;0;0;0.40907;0
11107;1;11292;11293;0.75012;7
11106;1;11290;11291;0.84911;2
11105;0;0;0;0.061417;0
11104;0;0;0;0.23867;0
11103;0;0;0;0.4128;0
11102;0;0;0;0.14808;0
11101;1;11288;11289;0.93258;7
11100;0;0;0;0.7346;0
11099;1;11286;11287;0.0090704;5
11098;0;0;0;0.10262;0
11097;0;0;0;0.35488;0
11096;0;0;0;0.65976;0
11095;0;0;0;0.84995;0
11094;1;11284;11285;0.17177;10
11093;0;0;0;0.25222;0
11092;0;0;0;0.12294;0
11091;0;0;0;0.75301;0
11090;1;11282;11283;0.59512;8
11089;0;0;0;0.46621;0
11088;0;0;0;0.29778;0
11087;0;0;0;0.11023;0
11086;0;0;0;0.40055;0
11085;1;11280;11281;0.14528;12
11084;0;0;0;0.11232;0
11083;0;0;0;0.65826;0
11082;0;0;0;0.10507;0
11081;0;0;0;0.28907;0
11080;0;0;0;0.52272;0
11079;1;11278;11279;0.42247;7
11078;0;0;0;0.17448;0
11077;0;0;0;0.36266;0
11076;0;0;0;0.68095;0
11075;0;0;0;0.37316;0
11074;0;0;0;0.71164;0
11073;0;0;0;0.089754;0
11072;0;0;0;0.73271;0
11071;1;11276;11277;0.99664;10
11070;0;0;0;0.89576;0
11069;0;0;0;0.53564;0
11068;0;0;0;0.40129;0
11067;1;11274;11275;0.84963;10
11066;1;11272;11273;0.95281;2
11065;0;0;0;0.5442;0
11064;0;0;0;0.35069;0
11063;0;0;0;0.80219;0
11062;0;0;0;0.62257;0
11061;0;0;0;0.93891;0
11060;0;0;0;0.5467;0
11059;0;0;0;0.407;0
11058;0;0;0;0.57107;0
11057;1;11270;11271;0.88887;9
11056;1;11268;11269;0.43413;9
11055;1;11266;11267;0.62148;3
11054;0;0;0;0.60858;0
11053;0;0;0;0.73268;0
11052;0;0;0;0.29973;0
11051;0;0;0;0.39562;0
11050;0;0;0;0.26992;0
11049;0;0;0;0.38948;0
11048;0;0;0;0.17227;0
11047;1;11264;11265;0.018209;5
11046;0;0;0;0.43945;0
11045;1;11262;11263;0.85999;2
11044;0;0;0;0.69454;0
11043;0;0;0;0.34097;0
11042;0;0;0;0.60157;0
11041;1;11260;11261;0.09556;8
11040;0;0;0;0.1753;0
11039;0;0;0;0.4486;0
11038;0;0;0;0.20926;0
11037;0;0;0;0.53213;0
11036;1;11258;11259;0.42046;12
11035;1;11256;11257;0.19073;11
11034;1;11254;11255;0.82253;7
11033;1;11252;11253;0.06471;11
11032;0;0;0;0.52377;0
11031;0;0;0;0.35873;0
11030;0;0;0;0.4264;0
11029;0;0;0;0.16554;0
11028;0;0;0;0.36974;0
11027;0;0;0;0.52919;0
11026;0;0;0;0.3255;0
11025;0;0;0;0.26351;0
11024;1;11250;11251;0.05229;8
11023;0;0;0;0.07703;0
11022;0;0;0;0.42075;0
11021;1;11248;11249;0.33292;6
11020;0;0;0;0.74258;0
11019;0;0;0;0.54089;0
11018;0;0;0;0.29674;0
11017;0;0;0;0.40439;0
11016;0;0;0;0.59898;0
11015;0;0;0;0.11329;0
11014;0;0;0;0.47466;0
11013;0;0;0;0.68301;0
11012;0;0;0;0.36535;0
11011;0;0;0;0.22129;0
11010;0;0;0;0.4969;0
11009;0;0;0;0.48601;0
11008;0;0;0;0.75454;0
11007;1;11246;11247;0.33535;5
11006;0;0;0;0.38112;0
11005;0;0;0;0.50324;0
11004;0;0;0;0.27649;0
11003;0;0;0;0.54754;0
11002;0;0;0;0.69024;0
11001;0;0;0;0.24623;0
11000;0;0;0;0.49389;0
10999;0;0;0;0.42397;0
10998;0;0;0;0.08384;0
10997;0;0;0;0.26793;0
10996;1;11244;11245;0.15423;8
10995;0;0;0;0.19379;0
10994;1;11242;11243;0.37518;8
10993;1;11240;11241;0.091104;2
10992;0;0;0;0.10017;0
10991;0;0;0;0.68944;0
10990;1;11238;11239;0.57879;9
10989;0;0;0;0.5443;0
10988;0;0;0;0.23996;0
10987;0;0;0;0.4418;0
10986;0;0;0;0.081365;0
10985;0;0;0;0.37;0
10984;0;0;0;0.65654;0
10983;1;11236;11237;0.28241;3
10982;0;0;0;0.62372;0
10981;1;11234;11235;0.36198;8
10980;0;0;0;0.18496;0
10979;1;11232;11233;0.31243;2
10978;0;0;0;0.1809;0
10977;1;11230;11231;0.27152;3
10976;1;11228;11229;0.18497;7
10975;1;11226;11227;0.050627;5
10974;1;11224;11225;0.71324;4
10973;0;0;0;0.48312;0
10972;0;0;0;0.18709;0
10971;0;0;0;0.6259;0
10970;0;0;0;0.88911;0
10969;1;11222;11223;0.48675;3
10968;0;0;0;0.89091;0
10967;0;0;0;0.83006;0
10966;1;11220;11221;0.70356;2
10965;0;0;0;0.43909;0
10964;0;0;0;0.21921;0
10963;0;0;0;0.61306;0
10962;0;0;0;0.35605;0
10961;0;0;0;0.53444;0
10960;0;0;0;0.33241;0
10959;1;11218;11219;0.99482;4
10958;0;0;0;0.24274;0
10957;0;0;0;0.43005;0
10956;0;0;0;0.79439;0
10955;0;0;0;0.55208;0
10954;0;0;0;0.35611;0
10953;0;0;0;0.079303;0
10952;0;0;0;0.43068;0
10951;1;11216;11217;0.20861;3
10950;0;0;0;0.50688;0
10949;1;11214;11215;0.43114;6
10948;0;0;0;0.76794;0
10947;0;0;0;0.47598;0
10946;1;11212;11213;0.025847;3
10945;0;0;0;0.34561;0
10944;1;11210;11211;0.56334;8
10943;1;11208;11209;0.1431;8
10942;1;11206;11207;0.5;12
10941;0;0;0;0.094026;0
10940;1;11204;11205;0.03867;5
10939;0;0;0;0.82639;0
10938;0;0;0;0.69114;0
10937;0;0;0;0.27246;0
10936;0;0;0;0.60996;0
10935;0;0;0;0.38965;0
10934;0;0;0;0.16496;0
10933;0;0;0;0.86694;0
10932;0;0;0;0.58564;0
10931;0;0;0;0.38558;0
10930;0;0;0;0.56975;0
10929;0;0;0;0.14405;0
10928;0;0;0;0.43865;0
10927;0;0;0;0.62268;0
10926;0;0;0;0.48038;0
10925;1;11202;11203;0.82051;4
10924;0;0;0;0.41493;0
10923;0;0;0;0.23134;0
10922;0;0;0;0.44312;0
10921;0;0;0;0.36836;0
10920;0;0;0;0.60834;0
10919;0;0;0;0.63192;0
10918;0;0;0;0.784;0
10917;0;0;0;0.55503;0
10916;0;0;0;0.33139;0
10915;0;0;0;0.50353;0
10914;0;0;0;0.91293;0
10913;0;0;0;0.50473;0
10912;0;0;0;0.35098;0
10911;0;0;0;0.39118;0
10910;0;0;0;0.082611;0
10909;1;11200;11201;0.087623;3
10908;0;0;0;0.061787;0
10907;0;0;0;0.39568;0
10906;0;0;0;0.16604;0
10905;0;0;0;0.12417;0
10904;1;11198;11199;0.1122;5
10903;1;11196;11197;0.041932;5
10902;1;11194;11195;0.2296;10
10901;0;0;0;0.51067;0
10900;0;0;0;0.80856;0
10899;0;0;0;0.50389;0
10898;1;11192;11193;0.086853;9
10897;0;0;0;0.48513;0
10896;0;0;0;0.17619;0
10895;1;11190;11191;0.717;3
10894;1;11188;11189;0.09009;5
10893;0;0;0;0.71997;0
10892;0;0;0;0.40947;0
10891;0;0;0;0.36543;0
10890;1;11186;11187;0.41012;8
10889;0;0;0;0.46013;0
10888;0;0;0;0.16219;0
10887;1;11184;11185;0.58912;12
10886;1;11182;11183;0.14309;9
10885;1;11180;11181;0.61549;3
10884;1;11178;11179;0.85563;7
10883;0;0;0;0.064998;0
10882;1;11176;11177;0.60755;12
10881;0;0;0;0.12049;0
10880;1;11174;11175;0.080878;12
10879;0;0;0;0.85136;0
10878;0;0;0;0.24963;0
10877;1;11172;11173;0.81989;8
10876;1;11170;11171;0.58625;3
10875;1;11168;11169;0.17622;10
10874;0;0;0;0.38438;0
10873;0;0;0;0.47248;0
10872;0;0;0;0.20748;0
10871;1;11166;11167;0.086219;9
10870;1;11164;11165;0.041877;11
10869;0;0;0;0.27312;0
10868;0;0;0;0.62743;0
10867;0;0;0;0.19735;0
10866;1;11162;11163;0.71011;6
10865;1;11160;11161;0.96718;1
10864;0;0;0;0.7119;0
10863;0;0;0;0.12603;0
10862;0;0;0;0.19666;0
10861;1;11158;11159;0.12975;11
10860;0;0;0;0.35967;0
10859;0;0;0;0.78124;0
10858;0;0;0;0.41036;0
10857;1;11156;11157;0.73366;4
10856;1;11154;11155;0.61352;1
10855;0;0;0;0.2079;0
10854;0;0;0;0.42339;0
10853;0;0;0;0.16078;0
10852;0;0;0;0.57879;0
10851;0;0;0;0.050807;0
10850;0;0;0;0.26437;0
10849;0;0;0;0.33646;0
10848;0;0;0;0.42302;0
10847;0;0;0;0.48364;0
10846;0;0;0;0.7818;0
10845;0;0;0;0.57227;0
10844;0;0;0;0.058025;0
10843;0;0;0;0.24505;0
10842;0;0;0;0.64701;0
10841;1;11152;11153;0.0071326;11
10840;1;11150;11151;0.75221;3
10839;0;0;0;0.26181;0
10838;0;0;0;0.061368;0
10837;0;0;0;0.054564;0
10836;1;11148;11149;0.15694;10
10835;0;0;0;0.28255;0
10834;0;0;0;0.59709;0
10833;0;0;0;0.52892;0
10832;0;0;0;0.29396;0
10831;1;11146;11147;0.14423;10
10830;0;0;0;0.75382;0
10829;0;0;0;0.56791;0
10828;0;0;0;0.11235;0
10827;0;0;0;0.19793;0
10826;0;0;0;0.34097;0
10825;0;0;0;0.18827;0
10824;1;11144;11145;0.80656;8
10823;1;11142;11143;0.23367;11
10822;0;0;0;0.11234;0
10821;1;11140;11141;0.22027;11
10820;0;0;0;0.10616;0
10819;1;11138;11139;0.84256;7
10818;1;11136;11137;0.82061;7
10817;1;11134;11135;0.42067;3
10816;1;11132;11133;0.040943;11
10815;1;11130;11131;0.68466;8
10814;0;0;0;0.25589;0
10813;0;0;0;0.37734;0
10812;0;0;0;0.23724;0
10811;1;11128;11129;0.076847;5
10810;0;0;0;0.16563;0
10809;0;0;0;0.441;0
10808;0;0;0;0.68633;0
10807;1;11126;11127;0.40162;2
10806;1;11124;11125;0.048371;9
10805;0;0;0;0.20951;0
10804;1;11122;11123;0.23495;4
10803;0;0;0;0.55025;0
10802;1;11120;11121;0.37138;12
10801;0;0;0;0.31273;0
10800;0;0;0;0.21046;0
10799;1;11118;11119;0.1072;9
10798;0;0;0;0.30882;0
10797;0;0;0;0.46267;0
10796;0;0;0;0.22156;0
10795;0;0;0;0.50468;0
10794;0;0;0;0.738;0
10793;1;11116;11117;0.46738;10
10792;1;11114;11115;0.4446;2
10791;0;0;0;0.6848;0
10790;0;0;0;0.50083;0
10789;0;0;0;0.67889;0
10788;0;0;0;0.80493;0
10787;0;0;0;0.7719;0
10786;0;0;0;0.32165;0
10785;0;0;0;0.43907;0
10784;0;0;0;0.17791;0
10783;1;11112;11113;0.7444;4
10782;0;0;0;0.77609;0
10781;1;11110;11111;0.23526;12
10780;1;11108;11109;0.26226;1
10779;0;0;0;0.59111;0
10778;0;0;0;0.38147;0
10777;1;11106;11107;0.59207;10
10776;0;0;0;0.26797;0
10775;0;0;0;0.040899;0
10774;0;0;0;0.56498;0
10773;0;0;0;0.57616;0
10772;0;0;0;0.24315;0
10771;0;0;0;0.20608;0
10770;0;0;0;0.40203;0
10769;0;0;0;0.6511;0
10768;0;0;0;0.31769;0
10767;1;11104;11105;0.067417;5
10766;1;11102;11103;0.13381;9
10765;1;11100;11101;0.63413;4
10764;1;11098;11099;0.34107;6
10763;0;0;0;0.46005;0
10762;0;0;0;0.83213;0
10761;0;0;0;0.44838;0
10760;0;0;0;0.069404;0
10759;0;0;0;0.55891;0
10758;1;11096;11097;0.69991;1
10757;1;11094;11095;0.30652;11
10756;0;0;0;0.53694;0
10755;0;0;0;0.68298;0
10754;0;0;0;0.24722;0
10753;0;0;0;0.55231;0
10752;0;0;0;0.46546;0
10751;0;0;0;0.1871;0
10750;0;0;0;0.48379;0
10749;0;0;0;0.054696;0
10748;0;0;0;0.48487;0
10747;0;0;0;0;0
10746;1;11092;11093;0.045092;5
10745;1;11090;11091;0.21686;11
10744;0;0;0;0.23079;0
10743;0;0;0;0.38291;0
10742;0;0;0;0.69119;0
10741;1;11088;11089;0.10072;11
10740;1;11086;11087;0.22793;10
10739;1;11084;11085;0.018649;3
10738;0;0;0;0.060998;0
10737;1;11082;11083;0.30296;2
10736;1;11080;11081;0.48063;8
10735;0;0;0;0.69725;0
10734;0;0;0;0.28481;0
10733;0;0;0;0.22943;0
10732;0;0;0;0.45015;0
10731;0;0;0;0.50815;0
10730;1;11078;11079;0.43414;3
10729;1;11076;11077;0.24068;2
10728;0;0;0;0.27126;0
10727;0;0;0;0.40187;0
10726;0;0;0;0.94378;0
10725;0;0;0;0.22938;0
10724;0;0;0;0.40287;0
10723;0;0;0;0.31985;0
10722;0;0;0;0.49984;0
10721;0;0;0;0.29848;0
10720;0;0;0;0.52642;0
10719;0;0;0;0.26749;0
10718;1;11074;11075;0.34366;8
10717;0;0;0;0.90656;0
10716;0;0;0;0.56849;0
10715;0;0;0;0.021569;0
10714;1;11072;11073;0.084654;11
10713;1;11070;11071;0.19642;2
10712;0;0;0;0.9601;0
10711;0;0;0;0.29137;0
10710;1;11068;11069;0.50231;3
10709;1;11066;11067;0.93143;1
10708;0;0;0;0.075307;0
10707;0;0;0;0.50034;0
10706;0;0;0;0.19216;0
10705;0;0;0;0.69353;0
10704;1;11064;11065;0.44261;9
10703;0;0;0;0.1242;0
10702;0;0;0;0.36274;0
10701;0;0;0;0.23955;0
10700;0;0;0;0.63033;0
10699;1;11062;11063;0.4522;3
10698;0;0;0;0.89467;0
10697;0;0;0;0.55505;0
10696;0;0;0;0.21409;0
10695;0;0;0;0.90557;0
10694;0;0;0;0.17393;0
10693;1;11060;11061;0.67112;2
10692;0;0;0;0.9186;0
10691;0;0;0;0.31634;0
10690;0;0;0;0.42352;0
10689;0;0;0;0.30347;0
10688;0;0;0;0.64086;0
10687;0;0;0;0.45759;0
10686;0;0;0;0.7646;0
10685;0;0;0;0.30283;0
10684;1;11058;11059;0.36154;12
10683;0;0;0;0.39579;0
10682;0;0;0;0.074995;0
10681;1;11056;11057;0.5094;2
10680;0;0;0;0.40942;0
10679;0;0;0;0.59097;0
10678;0;0;0;0.49714;0
10677;1;11054;11055;0.20673;2
10676;0;0;0;0.037711;0
10675;0;0;0;0.60366;0
10674;0;0;0;0.4306;0
10673;0;0;0;0.33449;0
10672;0;0;0;0.63827;0
10671;0;0;0;0.79153;0
10670;0;0;0;0.64927;0
10669;1;11052;11053;0.054162;12
10668;0;0;0;0.71988;0
10667;0;0;0;0.1979;0
10666;0;0;0;0.55866;0
10665;0;0;0;0.51992;0
10664;1;11050;11051;0.60981;8
10663;0;0;0;0.46309;0
10662;0;0;0;0.74501;0
10661;0;0;0;0.40738;0
10660;0;0;0;0.51092;0
10659;0;0;0;0.016377;0
10658;1;11048;11049;0.025835;5
10657;0;0;0;0.23652;0
10656;0;0;0;0.57519;0
10655;0;0;0;0.35125;0
10654;0;0;0;0.15058;0
10653;0;0;0;0.24515;0
10652;0;0;0;0.50307;0
10651;0;0;0;0.073979;0
10650;0;0;0;0.38738;0
10649;0;0;0;0.11812;0
10648;1;11046;11047;0.24673;2
10647;0;0;0;0.17657;0
10646;0;0;0;0.45864;0
10645;0;0;0;0.24553;0
10644;1;11044;11045;0.097105;12
10643;0;0;0;0.4188;0
10642;0;0;0;0.71928;0
10641;1;11042;11043;0.17753;8
10640;0;0;0;0.27578;0
10639;0;0;0;0.49485;0
10638;1;11040;11041;0.90711;4
10637;0;0;0;0.60897;0
10636;1;11038;11039;0.97646;10
10635;1;11036;11037;0.71112;12
10634;1;11034;11035;0.57332;12
10633;0;0;0;0.62199;0
10632;1;11032;11033;0.82364;7
10631;0;0;0;0.57568;0
10630;1;11030;11031;0.82695;4
10629;0;0;0;0.12369;0
10628;0;0;0;0.41105;0
10627;0;0;0;0.44851;0
10626;0;0;0;0.73258;0
10625;1;11028;11029;0.34684;2
10624;1;11026;11027;0.098933;10
10623;1;11024;11025;0.1819;5
10622;0;0;0;0.063463;0
10621;0;0;0;0.41684;0
10620;0;0;0;0.66111;0
10619;0;0;0;0.48945;0
10618;1;11022;11023;0.27414;2
10617;0;0;0;0.61626;0
10616;0;0;0;0.3109;0
10615;0;0;0;0.2676;0
10614;0;0;0;0.49769;0
10613;0;0;0;0.23722;0
10612;1;11020;11021;0.15921;3
10611;0;0;0;0.35323;0
10610;0;0;0;0.64243;0
10609;0;0;0;0.5217;0
10608;0;0;0;0.30201;0
10607;1;11018;11019;0.4088;3
10606;1;11016;11017;0.35838;8
10605;0;0;0;0.5643;0
10604;0;0;0;0.25187;0
10603;0;0;0;0.50555;0
10602;0;0;0;0.76901;0
10601;0;0;0;0.6547;0
10600;0;0;0;0.51579;0
10599;0;0;0;0.67072;0
10598;1;11014;11015;0.22418;3
10597;1;11012;11013;0.10773;5
10596;0;0;0;0.74272;0
10595;0;0;0;0.49856;0
10594;0;0;0;0.55938;0
10593;1;11010;11011;0.82129;8
10592;0;0;0;0.24281;0
10591;0;0;0;0.66133;0
10590;0;0;0;0.50474;0
10589;1;11008;11009;0.34242;3
10588;0;0;0;0.5482;0
10587;1;11006;11007;0.96785;4
10586;0;0;0;0.83693;0
10585;0;0;0;0.67106;0
10584;0;0;0;0.46492;0
10583;1;11004;11005;0.20805;8
10582;0;0;0;0.7437;0
10581;0;0;0;0.26734;0
10580;0;0;0;0.39891;0
10579;0;0;0;0.42232;0
10578;0;0;0;0.84803;0
10577;0;0;0;0.33426;0
10576;0;0;0;0.48372;0
10575;0;0;0;0.58238;0
10574;0;0;0;0.62881;0
10573;1;11002;11003;0.021287;5
10572;0;0;0;0.035706;0
10571;0;0;0;0.367;0
10570;0;0;0;0.72522;0
10569;0;0;0;0.24877;0
10568;1;11000;11001;0.82552;4
10567;1;10998;10999;0.80448;7
10566;0;0;0;0.124;0
10565;1;10996;10997;0.25418;8
10564;1;10994;10995;0.72616;2
10563;1;10992;10993;0.80343;6
10562;1;10990;10991;0.5136;12
10561;1;10988;10989;0.42042;12
10560;0;0;0;0.16992;0
10559;1;10986;10987;0.53414;2
10558;0;0;0;0.51256;0
10557;0;0;0;0.39163;0
10556;0;0;0;0.83103;0
10555;0;0;0;0.0075114;0
10554;0;0;0;0.22882;0
10553;1;10984;10985;0.55106;6
10552;0;0;0;0.34723;0
10551;0;0;0;0.46346;0
10550;0;0;0;0.29845;0
10549;0;0;0;0.2037;0
10548;0;0;0;0.035706;0
10547;1;10982;10983;0.13887;5
10546;1;10980;10981;0.72418;6
10545;0;0;0;0.18336;0
10544;1;10978;10979;0.82863;1
10543;0;0;0;0.45111;0
10542;0;0;0;0.8999;0
10541;0;0;0;0.54552;0
10540;1;10976;10977;0.95947;2
10539;1;10974;10975;0.15383;8
10538;1;10972;10973;0.45335;3
10537;0;0;0;0.51492;0
10536;0;0;0;0.061958;0
10535;0;0;0;0.49553;0
10534;1;10970;10971;0.63294;4
10533;0;0;0;0.61635;0
10532;0;0;0;0.33305;0
10531;0;0;0;0.75369;0
10530;1;10968;10969;0.2465;8
10529;0;0;0;0.50538;0
10528;1;10966;10967;0.66499;6
10527;1;10964;10965;0.42252;8
10526;1;10962;10963;0.33984;8
10525;0;0;0;0.90757;0
10524;0;0;0;0.58756;0
10523;0;0;0;0.32978;0
10522;0;0;0;0.83809;0
10521;0;0;0;0.21423;0
10520;1;10960;10961;0.18608;6
10519;1;10958;10959;0.19902;3
10518;1;10956;10957;0.14897;5
10517;1;10954;10955;0.34053;3
10516;0;0;0;0.1983;0
10515;0;0;0;0.50673;0
10514;0;0;0;0.35071;0
10513;0;0;0;0.40428;0
10512;1;10952;10953;0.12742;8
10511;0;0;0;0.19318;0
10510;1;10950;10951;0.14287;2
10509;0;0;0;0.19794;0
10508;0;0;0;0.46256;0
10507;0;0;0;0.40263;0
10506;0;0;0;0.095799;0
10505;0;0;0;0.26414;0
10504;1;10948;10949;0.041363;5
10503;0;0;0;0.40387;0
10502;0;0;0;0.56191;0
10501;0;0;0;0.43336;0
10500;1;10946;10947;0.039195;7
10499;0;0;0;0.57994;0
10498;0;0;0;0.20091;0
10497;1;10944;10945;0.52518;12
10496;0;0;0;0.76943;0
10495;1;10942;10943;0.033602;5
10494;1;10940;10941;0.066759;3
10493;0;0;0;0.58306;0
10492;0;0;0;0.35374;0
10491;0;0;0;0.67757;0
10490;1;10938;10939;0.24349;8
10489;0;0;0;0.30929;0
10488;0;0;0;0.67575;0
10487;0;0;0;0.49205;0
10486;0;0;0;0.64777;0
10485;0;0;0;0.42338;0
10484;0;0;0;0.58975;0
10483;0;0;0;0.45016;0
10482;0;0;0;0.57278;0
10481;1;10936;10937;0.86969;4
10480;0;0;0;0.12728;0
10479;0;0;0;0.47757;0
10478;0;0;0;0.84124;0
10477;0;0;0;0.408;0
10476;0;0;0;0.12331;0
10475;0;0;0;0.52228;0
10474;1;10934;10935;0.46857;3
10473;0;0;0;0.31583;0
10472;0;0;0;0.54331;0
10471;0;0;0;0.020652;0
10470;0;0;0;0.2392;0
10469;1;10932;10933;0.51695;8
10468;0;0;0;0.45885;0
10467;0;0;0;0.53613;0
10466;0;0;0;0.41598;0
10465;0;0;0;0.33657;0
10464;0;0;0;0.052855;0
10463;1;10930;10931;0.043734;9
10462;1;10928;10929;0.39765;12
10461;0;0;0;0.47508;0
10460;0;0;0;0.70703;0
10459;0;0;0;0.51729;0
10458;0;0;0;0.55035;0
10457;0;0;0;0.60613;0
10456;0;0;0;0.41293;0
10455;0;0;0;0.33265;0
10454;1;10926;10927;0.059006;3
10453;0;0;0;0.074772;0
10452;1;10924;10925;0.44245;8
10451;0;0;0;0.27448;0
10450;0;0;0;0.52706;0
10449;0;0;0;0.43677;0
10448;0;0;0;0.2563;0
10447;1;10922;10923;0.2296;12
10446;0;0;0;0.50451;0
10445;0;0;0;0.21666;0
10444;0;0;0;0.38095;0
10443;0;0;0;0.1004;0
10442;0;0;0;0.48611;0
10441;0;0;0;0.63802;0
10440;0;0;0;0.17122;0
10439;1;10920;10921;0.42976;2
10438;1;10918;10919;0.45718;8
10437;0;0;0;0.75039;0
10436;0;0;0;0.50486;0
10435;0;0;0;0.74905;0
10434;0;0;0;0.60574;0
10433;0;0;0;0.53965;0
10432;0;0;0;0.21475;0
10431;0;0;0;0.31627;0
10430;0;0;0;0.61857;0
10429;1;10916;10917;0.61185;2
10428;0;0;0;0.64121;0
10427;0;0;0;0.77628;0
10426;0;0;0;0.44076;0
10425;1;10914;10915;0.37881;8
10424;0;0;0;0.52185;0
10423;1;10912;10913;0.32022;9
10422;1;10910;10911;0.67117;2
10421;0;0;0;0.21425;0
10420;0;0;0;0.14749;0
10419;1;10908;10909;0.24334;8
10418;1;10906;10907;0.34838;3
10417;0;0;0;0.70833;0
10416;1;10904;10905;0.64223;8
10415;1;10902;10903;0.51083;2
10414;0;0;0;0.039801;0
10413;0;0;0;0.37431;0
10412;0;0;0;0.21242;0
10411;0;0;0;0.89674;0
10410;1;10900;10901;0.93874;4
10409;0;0;0;0.40067;0
10408;0;0;0;0.14769;0
10407;0;0;0;0.20162;0
10406;0;0;0;0.33409;0
10405;0;0;0;0.26468;0
10404;0;0;0;0.54777;0
10403;0;0;0;0.11187;0
10402;0;0;0;0.32172;0
10401;0;0;0;0.41418;0
10400;1;10898;10899;0.35012;8
10399;0;0;0;0.17854;0
10398;0;0;0;0.30207;0
10397;0;0;0;0.275;0
10396;1;10896;10897;0.86632;1
10395;0;0;0;0.16389;0
10394;0;0;0;0.32837;0
10393;1;10894;10895;0.58455;7
10392;1;10892;10893;0.31156;9
10391;1;10890;10891;0.38935;10
10390;1;10888;10889;0.69875;7
10389;1;10886;10887;0.0051074;3
10388;1;10884;10885;0.94075;6
10387;1;10882;10883;0.41901;10
10386;1;10880;10881;0.033485;5
10385;1;10878;10879;0.055329;5
10384;0;0;0;0.1189;0
10383;0;0;0;0.60422;0
10382;0;0;0;0.30667;0
10381;0;0;0;0.51642;0
10380;1;10876;10877;0.9304;7
10379;1;10874;10875;0.7305;6
10378;0;0;0;0.28062;0
10377;0;0;0;0.45705;0
10376;0;0;0;0.65954;0
10375;0;0;0;0.11784;0
10374;1;10872;10873;0.44413;9
10373;0;0;0;0.05592;0
10372;1;10870;10871;0.78495;1
10371;1;10868;10869;0.51963;2
10370;1;10866;10867;0.80549;6
10369;1;10864;10865;0.53877;7
10368;1;10862;10863;0.70229;7
10367;0;0;0;0.10198;0
10366;1;10860;10861;0.17173;12
10365;1;10858;10859;0.75694;4
10364;1;10856;10857;0.48876;8
10363;1;10854;10855;0.0095255;5
10362;0;0;0;0.10851;0
10361;0;0;0;0.14095;0
10360;1;10852;10853;0.67679;2
10359;1;10850;10851;0.51024;10
10358;1;10848;10849;0.058865;9
10357;1;10846;10847;0.58696;8
10356;0;0;0;0.3478;0
10355;0;0;0;0.65741;0
10354;1;10844;10845;0.4535;8
10353;1;10842;10843;0.09724;9
10352;0;0;0;0.79292;0
10351;0;0;0;0.12978;0
10350;1;10840;10841;0.28676;4
10349;1;10838;10839;0.40573;10
10348;0;0;0;0.57132;0
10347;0;0;0;0.65228;0
10346;0;0;0;0.39782;0
10345;1;10836;10837;0.13841;5
10344;1;10834;10835;0.3945;3
10343;0;0;0;0.23458;0
10342;1;10832;10833;0.96354;7
10341;1;10830;10831;0.53374;3
10340;1;10828;10829;0.83015;7
10339;0;0;0;0.23099;0
10338;0;0;0;0.55958;0
10337;0;0;0;0.18246;0
10336;0;0;0;0.71033;0
10335;1;10826;10827;0.59277;4
10334;0;0;0;0.059223;0
10333;0;0;0;0.082811;0
10332;1;10824;10825;0.0045326;9
10331;1;10822;10823;0.19002;3
10330;0;0;0;0.64008;0
10329;0;0;0;0.66859;0
10328;0;0;0;0.44388;0
10327;0;0;0;0.38496;0
10326;0;0;0;0.79929;0
10325;0;0;0;0.35096;0
10324;0;0;0;0.079735;0
10323;0;0;0;0.37033;0
10322;0;0;0;0.15557;0
10321;0;0;0;0.28999;0
10320;0;0;0;0.54888;0
10319;1;10820;10821;0.79005;2
10318;1;10818;10819;0.42664;3
10317;1;10816;10817;0.82537;8
10316;0;0;0;0.25717;0
10315;0;0;0;0.24185;0
10314;1;10814;10815;0.041136;11
10313;0;0;0;0.75627;0
10312;0;0;0;0.47202;0
10311;1;10812;10813;0.2498;9
10310;0;0;0;0.13151;0
10309;1;10810;10811;0.076029;11
10308;1;10808;10809;0.29994;5
10307;0;0;0;0.55012;0
10306;0;0;0;0.21453;0
10305;0;0;0;0.087297;0
10304;0;0;0;0.24035;0
10303;1;10806;10807;0.62211;8
10302;1;10804;10805;0.30056;12
10301;0;0;0;0.56681;0
10300;1;10802;10803;0.10211;9
10299;0;0;0;0.30772;0
10298;0;0;0;0.58913;0
10297;0;0;0;0.32636;0
10296;0;0;0;0.55041;0
10295;0;0;0;0.17146;0
10294;0;0;0;0.32706;0
10293;1;10800;10801;0.70751;4
10292;0;0;0;0.068259;0
10291;1;10798;10799;0.25163;1
10290;1;10796;10797;0.59084;8
10289;0;0;0;0.33489;0
10288;0;0;0;0.12742;0
10287;0;0;0;0.30805;0
10286;0;0;0;0.64028;0
10285;0;0;0;0.21221;0
10284;0;0;0;0.4594;0
10283;0;0;0;0.34202;0
10282;0;0;0;0.15548;0
10281;1;10794;10795;0.98222;6
10280;1;10792;10793;0.019502;5
10279;0;0;0;0.74394;0
10278;1;10790;10791;0.79835;4
10277;0;0;0;0.49461;0
10276;0;0;0;0.22351;0
10275;0;0;0;0.46233;0
10274;0;0;0;0.61699;0
10273;1;10788;10789;0.13614;10
10272;0;0;0;0.57955;0
10271;0;0;0;0.56659;0
10270;0;0;0;0.3239;0
10269;1;10786;10787;0.047;12
10268;0;0;0;0.82347;0
10267;1;10784;10785;0.49802;1
10266;1;10782;10783;0.82772;6
10265;0;0;0;0.18271;0
10264;1;10780;10781;0.33779;7
10263;0;0;0;0.56961;0
10262;0;0;0;0.35914;0
10261;0;0;0;0.10013;0
10260;0;0;0;0.53853;0
10259;0;0;0;0.35248;0
10258;0;0;0;0.52161;0
10257;0;0;0;0.1059;0
10256;0;0;0;0.36461;0
10255;0;0;0;0.1983;0
10254;1;10778;10779;0.9746;6
10253;0;0;0;0.15559;0
10252;0;0;0;0.34714;0
10251;0;0;0;0.26003;0
10250;0;0;0;0.54037;0
10249;0;0;0;0.38479;0
10248;0;0;0;0.64737;0
10247;1;10776;10777;0.39176;10
10246;0;0;0;0.12143;0
10245;0;0;0;0.099799;0
10244;1;10774;10775;0.65118;10
10243;1;10772;10773;0.1926;10
10242;0;0;0;0.66966;0
10241;0;0;0;0.46563;0
10240;0;0;0;0.066254;0
10239;0;0;0;0.5632;0
10238;0;0;0;0.70872;0
10237;0;0;0;0.31346;0
10236;0;0;0;0.10403;0
10235;0;0;0;0.51991;0
10234;1;10770;10771;0.94368;4
10233;0;0;0;0.40556;0
10232;0;0;0;0.1342;0
10231;0;0;0;0.57532;0
10230;0;0;0;0.030088;0
10229;0;0;0;0.30983;0
10228;0;0;0;0.79759;0
10227;1;10768;10769;0.60094;1
10226;1;10766;10767;0.2571;11
10225;0;0;0;0.17098;0
10224;1;10764;10765;0.61737;2
10223;0;0;0;0.28777;0
10222;1;10762;10763;0.54758;4
10221;1;10760;10761;0.17479;12
10220;1;10758;10759;0.527;3
10219;0;0;0;0.08723;0
10218;0;0;0;0.36641;0
10217;1;10756;10757;0.33622;12
10216;1;10754;10755;0.56513;12
10215;0;0;0;0.2595;0
10214;0;0;0;0.050767;0
10213;0;0;0;0.63331;0
10212;0;0;0;0.5208;0
10211;1;10752;10753;0.23088;11
10210;0;0;0;0.23813;0
10209;0;0;0;0.78708;0
10208;1;10750;10751;0.64032;2
10207;0;0;0;0.38301;0
10206;0;0;0;0.64856;0
10205;0;0;0;0.22101;0
10204;0;0;0;0.75958;0
10203;1;10748;10749;0.87755;8
10202;1;10746;10747;0.49699;3
10201;1;10744;10745;0.5953;4
10200;0;0;0;0.1689;0
10199;0;0;0;0.3484;0
10198;1;10742;10743;0.39775;10
10197;0;0;0;0.30429;0
10196;0;0;0;0.72031;0
10195;1;10740;10741;0.88347;4
10194;1;10738;10739;0.26105;10
10193;0;0;0;0.62346;0
10192;0;0;0;0.11524;0
10191;0;0;0;0.42078;0
10190;0;0;0;0.63589;0
10189;1;10736;10737;0.10985;11
10188;1;10734;10735;0.34411;3
10187;0;0;0;0.48374;0
10186;1;10732;10733;0.21813;11
10185;0;0;0;0.17571;0
10184;0;0;0;0.36172;0
10183;0;0;0;0.16191;0
10182;1;10730;10731;0.70812;7
10181;0;0;0;0.35337;0
10180;0;0;0;0.044706;0
10179;1;10728;10729;0.1146;12
10178;1;10726;10727;0.058645;5
10177;0;0;0;0.54918;0
10176;0;0;0;0.41544;0
10175;1;10724;10725;0.22512;10
10174;0;0;0;0.10128;0
10173;0;0;0;0.60347;0
10172;1;10722;10723;0.054586;9
10171;0;0;0;0.26516;0
10170;1;10720;10721;0.71059;9
10169;1;10718;10719;0.69853;1
10168;0;0;0;0.71686;0
10167;0;0;0;0.24375;0
10166;0;0;0;0.52793;0
10165;1;10716;10717;0.48993;2
10164;0;0;0;0.49726;0
10163;0;0;0;0.13541;0
10162;0;0;0;0.44492;0
10161;1;10714;10715;0.62573;3
10160;1;10712;10713;0.65191;4
10159;0;0;0;0.087375;0
10158;0;0;0;0.45371;0
10157;0;0;0;0.2462;0
10156;0;0;0;0.54441;0
10155;1;10710;10711;0.78909;1
10154;0;0;0;0.57643;0
10153;1;10708;10709;0.49483;1
10152;0;0;0;0.50753;0
10151;0;0;0;0.60414;0
10150;1;10706;10707;0.81252;9
10149;1;10704;10705;0.90928;9
10148;1;10702;10703;0.82427;8
10147;1;10700;10701;0.71017;7
10146;0;0;0;0.14895;0
10145;1;10698;10699;0.63374;4
10144;1;10696;10697;0.20103;12
10143;1;10694;10695;0.50582;8
10142;0;0;0;0.90795;0
10141;1;10692;10693;0.02703;11
10140;1;10690;10691;0.60879;8
10139;0;0;0;0.27047;0
10138;0;0;0;0.49747;0
10137;0;0;0;0.29944;0
10136;1;10688;10689;0.71401;8
10135;1;10686;10687;0.31549;3
10134;0;0;0;0.27025;0
10133;0;0;0;0.96233;0
10132;0;0;0;0.54983;0
10131;1;10684;10685;0.029929;9
10130;1;10682;10683;0.99288;4
10129;1;10680;10681;0.52591;3
10128;0;0;0;0.016146;0
10127;1;10678;10679;0.36762;12
10126;1;10676;10677;0.0019782;5
10125;1;10674;10675;0.82927;4
10124;0;0;0;0.11759;0
10123;1;10672;10673;0.0060416;5
10122;0;0;0;0.51769;0
10121;0;0;0;0.36727;0
10120;1;10670;10671;0.33231;9
10119;1;10668;10669;0.99623;2
10118;1;10666;10667;0.69856;8
10117;0;0;0;0.74894;0
10116;0;0;0;0.54434;0
10115;0;0;0;0.48941;0
10114;0;0;0;0.37245;0
10113;0;0;0;0.79651;0
10112;0;0;0;0.63072;0
10111;0;0;0;0.17405;0
10110;0;0;0;0.38925;0
10109;0;0;0;0.48703;0
10108;0;0;0;0.35142;0
10107;1;10664;10665;0.50343;10
10106;1;10662;10663;0.34;12
10105;1;10660;10661;0.30407;3
10104;1;10658;10659;0.43579;8
10103;1;10656;10657;0.4424;9
10102;1;10654;10655;0.47135;12
10101;1;10652;10653;0.062263;9
10100;0;0;0;0.58481;0
10099;0;0;0;0.11853;0
10098;1;10650;10651;0.79004;4
10097;1;10648;10649;0.70513;8
10096;0;0;0;0.40232;0
10095;0;0;0;0.43619;0
10094;0;0;0;0.20744;0
10093;0;0;0;0.10086;0
10092;1;10646;10647;0.19397;1
10091;0;0;0;0.48172;0
10090;0;0;0;0.65862;0
10089;0;0;0;0.28423;0
10088;0;0;0;0.12931;0
10087;1;10644;10645;0.96879;4
10086;0;0;0;0.46192;0
10085;1;10642;10643;0.95203;4
10084;1;10640;10641;0.31053;2
10083;0;0;0;0.23711;0
10082;0;0;0;0.068215;0
10081;0;0;0;0.056443;0
10080;1;10638;10639;0.38616;2
10079;1;10636;10637;0.2141;11
10078;0;0;0;0.31163;0
10077;0;0;0;0.50058;0
10076;0;0;0;0.069265;0
10075;1;10634;10635;0.11388;8
10074;0;0;0;0.47601;0
10073;1;10632;10633;0.52522;2
10072;0;0;0;0.044737;0
10071;0;0;0;0.26195;0
10070;0;0;0;0.43919;0
10069;1;10630;10631;0.26603;10
10068;0;0;0;0.6631;0
10067;0;0;0;0.072024;0
10066;0;0;0;0.32497;0
10065;0;0;0;0.11519;0
10064;1;10628;10629;0.040332;5
10063;0;0;0;0.31624;0
10062;0;0;0;0.49578;0
10061;0;0;0;0.087784;0
10060;0;0;0;0.48816;0
10059;0;0;0;0.84074;0
10058;1;10626;10627;0.23862;8
10057;0;0;0;0.22835;0
10056;0;0;0;0.49387;0
10055;0;0;0;0.16866;0
10054;0;0;0;0.51347;0
10053;0;0;0;0.49574;0
10052;0;0;0;0.083652;0
10051;0;0;0;0.37629;0
10050;0;0;0;0.73312;0
10049;0;0;0;0.37953;0
10048;1;10624;10625;0.1058;10
10047;1;10622;10623;0.015944;5
10046;1;10620;10621;0.77936;1
10045;0;0;0;0.34826;0
10044;0;0;0;0.61964;0
10043;0;0;0;0.29125;0
10042;0;0;0;0.64603;0
10041;0;0;0;0.37371;0
10040;0;0;0;0.17958;0
10039;0;0;0;0.71557;0
10038;0;0;0;0.39719;0
10037;0;0;0;0.21208;0
10036;1;10618;10619;0.55183;12
10035;0;0;0;0.50261;0
10034;0;0;0;0.1508;0
10033;0;0;0;0.73011;0
10032;0;0;0;0.4743;0
10031;0;0;0;0.74749;0
10030;0;0;0;0.40154;0
10029;0;0;0;0.16277;0
10028;1;10616;10617;0.77269;2
10027;1;10614;10615;0.71465;3
10026;0;0;0;0.7406;0
10025;0;0;0;0.47414;0
10024;0;0;0;0.24299;0
10023;0;0;0;0.65564;0
10022;0;0;0;0.22739;0
10021;0;0;0;0.30429;0
10020;0;0;0;0.5553;0
10019;0;0;0;0.31307;0
10018;1;10612;10613;0.55243;2
10017;1;10610;10611;0.41921;8
10016;0;0;0;0.22835;0
10015;1;10608;10609;0.46842;2
10014;0;0;0;0.045012;0
10013;0;0;0;0.25456;0
10012;0;0;0;0.45146;0
10011;0;0;0;0.53349;0
10010;1;10606;10607;0.2452;2
10009;0;0;0;0.3914;0
10008;0;0;0;0.61643;0
10007;1;10604;10605;0.52776;2
10006;0;0;0;0.61203;0
10005;1;10602;10603;0.61662;9
10004;0;0;0;0.39459;0
10003;1;10600;10601;0.13234;3
10002;0;0;0;0.32259;0
10001;0;0;0;0.43379;0
10000;0;0;0;0.092579;0
9999;0;0;0;0.62681;0
9998;1;10598;10599;0.9605;8
9997;1;10596;10597;0.21685;3
9996;0;0;0;0.85828;0
9995;0;0;0;0.51916;0
9994;0;0;0;0.75682;0
9993;1;10594;10595;0.87934;9
9992;1;10592;10593;0.052825;5
9991;0;0;0;0.79108;0
9990;1;10590;10591;0.037541;6
9989;0;0;0;0.61085;0
9988;0;0;0;0.32315;0
9987;0;0;0;0.63255;0
9986;0;0;0;0.83195;0
9985;0;0;0;0.39758;0
9984;1;10588;10589;0.99908;10
9983;0;0;0;0.23618;0
9982;0;0;0;0.51045;0
9981;1;10586;10587;0.31409;3
9980;0;0;0;0.32072;0
9979;0;0;0;0.42256;0
9978;1;10584;10585;0.98557;5
9977;0;0;0;0.10595;0
9976;0;0;0;0.49897;0
9975;0;0;0;0.79106;0
9974;0;0;0;0.48;0
9973;0;0;0;0.45794;0
9972;0;0;0;0.20414;0
9971;1;10582;10583;0.95082;4
9970;0;0;0;0.31117;0
9969;0;0;0;0.1844;0
9968;1;10580;10581;0.70634;4
9967;0;0;0;0.48579;0
9966;0;0;0;0.6106;0
9965;1;10578;10579;0.84086;10
9964;1;10576;10577;0.99642;1
9963;1;10574;10575;0.3001;6
9962;0;0;0;0.30469;0
9961;1;10572;10573;0.81548;11
9960;0;0;0;0.078675;0
9959;1;10570;10571;0.84216;1
9958;0;0;0;0.12158;0
9957;0;0;0;0.22419;0
9956;0;0;0;0.44129;0
9955;0;0;0;0.39507;0
9954;0;0;0;0.20098;0
9953;0;0;0;0.55931;0
9952;0;0;0;0.66386;0
9951;0;0;0;0.45317;0
9950;0;0;0;0.19298;0
9949;0;0;0;0.50974;0
9948;0;0;0;0.25564;0
9947;1;10568;10569;0.87181;7
9946;1;10566;10567;0.9095;6
9945;1;10564;10565;0.71145;1
9944;1;10562;10563;0.675;6
9943;1;10560;10561;0.6463;1
9942;0;0;0;0.73828;0
9941;0;0;0;0.56899;0
9940;1;10558;10559;0.017191;5
9939;0;0;0;0.086697;0
9938;0;0;0;0.79999;0
9937;0;0;0;0.11043;0
9936;1;10556;10557;0.61092;3
9935;0;0;0;0.34729;0
9934;0;0;0;0.5854;0
9933;0;0;0;0.15834;0
9932;0;0;0;0.39402;0
9931;1;10554;10555;0.81481;4
9930;1;10552;10553;0.35965;8
9929;0;0;0;0.72835;0
9928;1;10550;10551;0.83967;6
9927;0;0;0;0.40197;0
9926;1;10548;10549;0.44435;4
9925;1;10546;10547;0.95252;1
9924;0;0;0;0.1104;0
9923;1;10544;10545;0.6826;12
9922;1;10542;10543;0.097411;2
9921;1;10540;10541;0.17181;8
9920;1;10538;10539;0.51377;11
9919;0;0;0;0.24915;0
9918;0;0;0;0.036795;0
9917;1;10536;10537;0.16722;8
9916;1;10534;10535;0.26353;9
9915;0;0;0;0.67438;0
9914;0;0;0;0.36307;0
9913;0;0;0;0.62936;0
9912;0;0;0;0.46183;0
9911;0;0;0;0.1831;0
9910;1;10532;10533;0.25213;7
9909;1;10530;10531;0.40684;8
9908;1;10528;10529;0.78988;3
9907;0;0;0;0.62523;0
9906;0;0;0;0.16965;0
9905;1;10526;10527;0.61015;10
9904;1;10524;10525;0.34598;6
9903;1;10522;10523;0.70081;10
9902;1;10520;10521;0.096602;12
9901;0;0;0;0.57966;0
9900;0;0;0;0.76522;0
9899;0;0;0;0.59775;0
9898;1;10518;10519;0.99296;9
9897;0;0;0;0.63052;0
9896;1;10516;10517;0.034736;5
9895;0;0;0;0.19029;0
9894;1;10514;10515;0.44232;3
9893;0;0;0;0.55139;0
9892;0;0;0;0.72633;0
9891;1;10512;10513;0.1625;8
9890;0;0;0;0.72409;0
9889;0;0;0;0.2723;0
9888;0;0;0;0.025137;0
9887;0;0;0;0.88559;0
9886;0;0;0;0.57662;0
9885;1;10510;10511;0.49714;8
9884;0;0;0;0.08713;0
9883;1;10508;10509;0.46402;8
9882;0;0;0;0.22281;0
9881;1;10506;10507;0.98717;10
9880;1;10504;10505;0.63766;7
9879;1;10502;10503;0.23058;5
9878;0;0;0;0.10168;0
9877;1;10500;10501;0.45036;12
9876;1;10498;10499;0.072314;3
9875;0;0;0;0.50776;0
9874;0;0;0;0.29772;0
9873;1;10496;10497;0.48357;8
9872;1;10494;10495;0.72155;10
9871;0;0;0;0.40205;0
9870;0;0;0;0.17592;0
9869;0;0;0;0.4213;0
9868;0;0;0;0.23583;0
9867;0;0;0;0.54916;0
9866;1;10492;10493;0.085094;5
9865;1;10490;10491;0.29698;9
9864;0;0;0;0.52297;0
9863;0;0;0;0.37534;0
9862;0;0;0;0.051879;0
9861;0;0;0;0.58977;0
9860;0;0;0;0.83246;0
9859;0;0;0;0.24841;0
9858;0;0;0;0.47379;0
9857;1;10488;10489;0.4009;7
9856;0;0;0;0.58201;0
9855;0;0;0;0.38948;0
9854;1;10486;10487;0.20737;7
9853;1;10484;10485;0.061851;3
9852;0;0;0;0.66133;0
9851;0;0;0;0.72609;0
9850;0;0;0;0.39087;0
9849;1;10482;10483;0.59866;7
9848;0;0;0;0.84086;0
9847;1;10480;10481;0.35638;8
9846;1;10478;10479;0.3272;8
9845;0;0;0;0.61794;0
9844;0;0;0;0.34088;0
9843;0;0;0;0.48795;0
9842;0;0;0;0.32058;0
9841;0;0;0;0.29803;0
9840;0;0;0;0.078286;0
9839;0;0;0;0.56807;0
9838;0;0;0;0.37515;0
9837;0;0;0;0.3118;0
9836;0;0;0;0.071494;0
9835;1;10476;10477;0.74875;4
9834;1;10474;10475;0.57195;4
9833;1;10472;10473;0.45205;12
9832;0;0;0;0.81576;0
9831;0;0;0;0.57146;0
9830;1;10470;10471;0.34054;8
9829;0;0;0;0.23375;0
9828;1;10468;10469;0.43773;3
9827;0;0;0;0.30073;0
9826;0;0;0;0.1229;0
9825;0;0;0;0.21916;0
9824;1;10466;10467;0.49364;4
9823;0;0;0;0.27263;0
9822;0;0;0;0.072627;0
9821;0;0;0;0.26536;0
9820;0;0;0;0.5335;0
9819;0;0;0;0.043587;0
9818;1;10464;10465;0.1133;9
9817;0;0;0;0.15587;0
9816;1;10462;10463;0.49155;7
9815;0;0;0;0.79499;0
9814;1;10460;10461;0.97659;6
9813;1;10458;10459;0.57568;8
9812;0;0;0;0.27742;0
9811;0;0;0;0.13102;0
9810;0;0;0;0.44305;0
9809;1;10456;10457;0.071783;12
9808;0;0;0;0.7669;0
9807;0;0;0;0.49751;0
9806;0;0;0;0.14143;0
9805;0;0;0;0.64184;0
9804;0;0;0;0.20583;0
9803;1;10454;10455;0.19841;7
9802;1;10452;10453;0.92061;4
9801;0;0;0;0.52592;0
9800;1;10450;10451;0.62477;12
9799;0;0;0;0.42236;0
9798;0;0;0;0.7681;0
9797;0;0;0;0.2463;0
9796;0;0;0;0.41761;0
9795;0;0;0;0.21599;0
9794;0;0;0;0.056388;0
9793;0;0;0;0.71414;0
9792;0;0;0;0.16383;0
9791;1;10448;10449;0.39095;12
9790;0;0;0;0.12936;0
9789;1;10446;10447;0.95194;4
9788;0;0;0;0.63641;0
9787;1;10444;10445;0.26736;5
9786;0;0;0;0.47695;0
9785;0;0;0;0.60433;0
9784;1;10442;10443;0.033704;3
9783;1;10440;10441;0.86216;6
9782;0;0;0;0.71446;0
9781;0;0;0;0.2876;0
9780;0;0;0;0.48458;0
9779;0;0;0;0.42359;0
9778;0;0;0;0.15567;0
9777;0;0;0;0.040338;0
9776;0;0;0;0.39865;0
9775;0;0;0;0.23396;0
9774;0;0;0;0.59883;0
9773;0;0;0;0.18427;0
9772;1;10438;10439;0.84169;6
9771;0;0;0;0.39687;0
9770;0;0;0;0.25272;0
9769;0;0;0;0.068658;0
9768;0;0;0;0.30467;0
9767;0;0;0;0.75303;0
9766;0;0;0;0.4207;0
9765;0;0;0;0.73732;0
9764;0;0;0;0.90182;0
9763;0;0;0;0.18339;0
9762;0;0;0;0.48561;0
9761;0;0;0;0.61686;0
9760;0;0;0;0.80371;0
9759;0;0;0;0.35297;0
9758;0;0;0;0.57103;0
9757;1;10436;10437;0.12458;9
9756;0;0;0;0.447;0
9755;0;0;0;0.35365;0
9754;1;10434;10435;0.74622;6
9753;0;0;0;0.37321;0
9752;0;0;0;0.21905;0
9751;1;10432;10433;0.78263;9
9750;0;0;0;0.30425;0
9749;1;10430;10431;0.99998;1
9748;0;0;0;0.054271;0
9747;1;10428;10429;0.47505;9
9746;1;10426;10427;0.83774;4
9745;1;10424;10425;0.28618;8
9744;1;10422;10423;0.26253;5
9743;1;10420;10421;0.92595;9
9742;1;10418;10419;0.8907;11
9741;1;10416;10417;0.49826;3
9740;1;10414;10415;0.21157;8
9739;1;10412;10413;0.2216;7
9738;0;0;0;0.3902;0
9737;0;0;0;0.17853;0
9736;0;0;0;0.36266;0
9735;0;0;0;0.51916;0
9734;1;10410;10411;0.053171;6
9733;0;0;0;0.37808;0
9732;0;0;0;0.56376;0
9731;0;0;0;0.52614;0
9730;0;0;0;0.38398;0
9729;1;10408;10409;0.98636;7
9728;0;0;0;0.45613;0
9727;0;0;0;0.17044;0
9726;0;0;0;0.41013;0
9725;1;10406;10407;0.14873;11
9724;1;10404;10405;0.88141;4
9723;0;0;0;0.12915;0
9722;0;0;0;0.31707;0
9721;0;0;0;0.61121;0
9720;0;0;0;0.36087;0
9719;0;0;0;0.072804;0
9718;0;0;0;0.32617;0
9717;1;10402;10403;0.68468;8
9716;1;10400;10401;0.88865;7
9715;0;0;0;0.49362;0
9714;1;10398;10399;0.85909;6
9713;1;10396;10397;0.30999;7
9712;1;10394;10395;0.72261;4
9711;0;0;0;0.65717;0
9710;0;0;0;0.46656;0
9709;0;0;0;0.061543;0
9708;1;10392;10393;0.74628;6
9707;1;10390;10391;0.80738;4
9706;1;10388;10389;0.60064;4
9705;1;10386;10387;0.98979;1
9704;1;10384;10385;0.88004;6
9703;1;10382;10383;0.49501;3
9702;0;0;0;0.073705;0
9701;1;10380;10381;0.23439;11
9700;0;0;0;0.096123;0
9699;1;10378;10379;0.58701;1
9698;0;0;0;0.80688;0
9697;0;0;0;0.77673;0
9696;1;10376;10377;0.19122;10
9695;1;10374;10375;0.040756;11
9694;1;10372;10373;0.53437;9
9693;1;10370;10371;0.96307;4
9692;1;10368;10369;0.061458;11
9691;1;10366;10367;0.69221;8
9690;1;10364;10365;0.40402;2
9689;1;10362;10363;0.86018;6
9688;1;10360;10361;0.89545;4
9687;1;10358;10359;0.84144;6
9686;0;0;0;0.51814;0
9685;1;10356;10357;0.43297;8
9684;0;0;0;0.79614;0
9683;1;10354;10355;0.010688;5
9682;0;0;0;0.20852;0
9681;1;10352;10353;0.72711;7
9680;1;10350;10351;0.91931;12
9679;1;10348;10349;0.55616;8
9678;0;0;0;0.12923;0
9677;0;0;0;0.19421;0
9676;1;10346;10347;0.71773;12
9675;0;0;0;0.63489;0
9674;0;0;0;0.13116;0
9673;0;0;0;0.02891;0
9672;1;10344;10345;0.57048;4
9671;1;10342;10343;0.56915;3
9670;1;10340;10341;0.75461;6
9669;0;0;0;0.35791;0
9668;1;10338;10339;0.85478;7
9667;1;10336;10337;0.46831;7
9666;1;10334;10335;0.64603;8
9665;0;0;0;0.24123;0
9664;0;0;0;0.67607;0
9663;0;0;0;0.43248;0
9662;0;0;0;0.15166;0
9661;0;0;0;0.23364;0
9660;0;0;0;0.36651;0
9659;0;0;0;0.050877;0
9658;1;10332;10333;0.88667;8
9657;0;0;0;0.17125;0
9656;1;10330;10331;0.022613;2
9655;0;0;0;0.3555;0
9654;0;0;0;0.11933;0
9653;0;0;0;0.15505;0
9652;0;0;0;0.028366;0
9651;1;10328;10329;0.84886;6
9650;0;0;0;0.8999;0
9649;0;0;0;0.30803;0
9648;0;0;0;0.54051;0
9647;0;0;0;0.25802;0
9646;1;10326;10327;0.91811;6
9645;0;0;0;0.6563;0
9644;1;10324;10325;0.58375;4
9643;0;0;0;0.52391;0
9642;0;0;0;0.76822;0
9641;0;0;0;0.57728;0
9640;0;0;0;0.3174;0
9639;0;0;0;0.31011;0
9638;1;10322;10323;0.23177;10
9637;0;0;0;0.10355;0
9636;1;10320;10321;0.13465;10
9635;1;10318;10319;0.30343;2
9634;1;10316;10317;0.49867;4
9633;1;10314;10315;0.24431;10
9632;0;0;0;0.054138;0
9631;0;0;0;0.3227;0
9630;0;0;0;0.3028;0
9629;0;0;0;0.38991;0
9628;0;0;0;0.21341;0
9627;1;10312;10313;0.20649;9
9626;0;0;0;0.37902;0
9625;1;10310;10311;0.1052;10
9624;0;0;0;0.096074;0
9623;1;10308;10309;0.30458;8
9622;0;0;0;0.24722;0
9621;1;10306;10307;0.080075;10
9620;1;10304;10305;0.022639;9
9619;1;10302;10303;0.66934;4
9618;0;0;0;0.17588;0
9617;1;10300;10301;0.88478;4
9616;0;0;0;0.8126;0
9615;0;0;0;0.49386;0
9614;0;0;0;0.33217;0
9613;0;0;0;0.59839;0
9612;0;0;0;0.42339;0
9611;0;0;0;0.51361;0
9610;0;0;0;0.26175;0
9609;0;0;0;0.39274;0
9608;0;0;0;0.58118;0
9607;0;0;0;0.27171;0
9606;1;10298;10299;0.43643;3
9605;0;0;0;0.4134;0
9604;0;0;0;0.69126;0
9603;1;10296;10297;0.66786;4
9602;1;10294;10295;0.19368;10
9601;0;0;0;0.68796;0
9600;0;0;0;0.38697;0
9599;0;0;0;0.2767;0
9598;0;0;0;0.60424;0
9597;1;10292;10293;0.99183;6
9596;0;0;0;0.40971;0
9595;0;0;0;0.36423;0
9594;1;10290;10291;0.080365;10
9593;0;0;0;0.094327;0
9592;0;0;0;0.33555;0
9591;0;0;0;0.19931;0
9590;0;0;0;0.47532;0
9589;1;10288;10289;0.57109;4
9588;0;0;0;0.52734;0
9587;0;0;0;0.45931;0
9586;0;0;0;0.20712;0
9585;0;0;0;0.78285;0
9584;1;10286;10287;0.065269;9
9583;1;10284;10285;0.30549;12
9582;0;0;0;0.61189;0
9581;1;10282;10283;0.25122;10
9580;1;10280;10281;0.80017;2
9579;1;10278;10279;0.69658;7
9578;0;0;0;0.33327;0
9577;1;10276;10277;0.17131;11
9576;1;10274;10275;0.040482;9
9575;0;0;0;0.86586;0
9574;1;10272;10273;0.049095;9
9573;0;0;0;0.44459;0
9572;0;0;0;0.61107;0
9571;0;0;0;0.6726;0
9570;1;10270;10271;0.093264;11
9569;1;10268;10269;0.43726;8
9568;1;10266;10267;0.48303;1
9567;0;0;0;0.79812;0
9566;1;10264;10265;0.86801;8
9565;1;10262;10263;0.17291;11
9564;0;0;0;0.72612;0
9563;0;0;0;0.16163;0
9562;0;0;0;0.49981;0
9561;0;0;0;0.41917;0
9560;0;0;0;0.56765;0
9559;0;0;0;0.063525;0
9558;1;10260;10261;0.92218;8
9557;0;0;0;0.62335;0
9556;1;10258;10259;0.66502;4
9555;1;10256;10257;0.62219;8
9554;0;0;0;0.7079;0
9553;0;0;0;0.020623;0
9552;0;0;0;0.1974;0
9551;1;10254;10255;0.30868;1
9550;0;0;0;0.03297;0
9549;0;0;0;0.44964;0
9548;1;10252;10253;0.023691;5
9547;0;0;0;0.26984;0
9546;1;10250;10251;0.48444;8
9545;0;0;0;0.26963;0
9544;1;10248;10249;0.7647;1
9543;1;10246;10247;0.46856;8
9542;1;10244;10245;0.14689;11
9541;0;0;0;0.28886;0
9540;1;10242;10243;0.50369;2
9539;1;10240;10241;0.8204;1
9538;0;0;0;0.64809;0
9537;0;0;0;0.69424;0
9536;0;0;0;0.27963;0
9535;0;0;0;0.38515;0
9534;1;10238;10239;0.7845;7
9533;0;0;0;0.21145;0
9532;0;0;0;0.39212;0
9531;0;0;0;0.14739;0
9530;0;0;0;0.52348;0
9529;0;0;0;0.37435;0
9528;1;10236;10237;0.22844;11
9527;1;10234;10235;0.64052;8
9526;0;0;0;0.67255;0
9525;1;10232;10233;0.13809;5
9524;0;0;0;0.49328;0
9523;0;0;0;0.67549;0
9522;1;10230;10231;0.88753;5
9521;0;0;0;0.55295;0
9520;0;0;0;0.21551;0
9519;1;10228;10229;0.13714;10
9518;1;10226;10227;0.5026;12
9517;1;10224;10225;0.81172;12
9516;1;10222;10223;0.042164;11
9515;0;0;0;0.75797;0
9514;1;10220;10221;0.66911;8
9513;0;0;0;0.11995;0
9512;0;0;0;0.30298;0
9511;0;0;0;0.0031569;0
9510;0;0;0;0.32231;0
9509;0;0;0;0.49118;0
9508;0;0;0;0.26792;0
9507;1;10218;10219;0.053153;5
9506;0;0;0;0.39263;0
9505;1;10216;10217;0.33249;9
9504;0;0;0;0.32761;0
9503;0;0;0;0.38439;0
9502;0;0;0;0.17609;0
9501;0;0;0;0.39118;0
9500;0;0;0;0.18703;0
9499;0;0;0;0.6339;0
9498;1;10214;10215;0.47044;8
9497;0;0;0;0.60037;0
9496;0;0;0;0.65824;0
9495;1;10212;10213;0.53243;3
9494;0;0;0;0.38977;0
9493;0;0;0;0.46789;0
9492;0;0;0;0.72682;0
9491;1;10210;10211;0.1378;11
9490;0;0;0;0.14869;0
9489;1;10208;10209;0.64359;12
9488;0;0;0;0.75392;0
9487;0;0;0;0.63621;0
9486;1;10206;10207;0.60846;1
9485;1;10204;10205;0.41963;6
9484;1;10202;10203;0.2993;6
9483;1;10200;10201;0.53387;2
9482;0;0;0;0.10807;0
9481;1;10198;10199;0.51832;8
9480;0;0;0;0.24908;0
9479;0;0;0;0.26712;0
9478;0;0;0;0.50113;0
9477;1;10196;10197;0.034533;7
9476;0;0;0;0.67842;0
9475;0;0;0;0.33816;0
9474;0;0;0;0.64516;0
9473;0;0;0;0.55081;0
9472;1;10194;10195;0.22677;2
9471;0;0;0;0.8761;0
9470;0;0;0;0.73265;0
9469;0;0;0;0.057137;0
9468;1;10192;10193;0.071565;2
9467;0;0;0;0.15543;0
9466;1;10190;10191;0.27683;11
9465;0;0;0;0.8234;0
9464;1;10188;10189;0.13982;2
9463;0;0;0;0.8969;0
9462;0;0;0;0.60178;0
9461;1;10186;10187;0.26745;5
9460;1;10184;10185;0.00010709;12
9459;0;0;0;0.46269;0
9458;1;10182;10183;0.29315;10
9457;0;0;0;0.054945;0
9456;0;0;0;0.37729;0
9455;0;0;0;0.57209;0
9454;0;0;0;0.70289;0
9453;1;10180;10181;0.3772;5
9452;1;10178;10179;0.85421;4
9451;0;0;0;0.40934;0
9450;0;0;0;0.54998;0
9449;0;0;0;0.37732;0
9448;0;0;0;0.11281;0
9447;0;0;0;0.82685;0
9446;1;10176;10177;0.12493;11
9445;0;0;0;0.35614;0
9444;1;10174;10175;0.84186;4
9443;0;0;0;0.30609;0
9442;0;0;0;0.099271;0
9441;0;0;0;0.39182;0
9440;0;0;0;0.66502;0
9439;0;0;0;0.23809;0
9438;0;0;0;0.51506;0
9437;0;0;0;0.65429;0
9436;1;10172;10173;0.47329;12
9435;1;10170;10171;0.31651;8
9434;0;0;0;0.2239;0
9433;1;10168;10169;0.011457;5
9432;0;0;0;0.27784;0
9431;1;10166;10167;0.035775;5
9430;0;0;0;0.081581;0
9429;0;0;0;0.58661;0
9428;0;0;0;0.54029;0
9427;1;10164;10165;0.0031817;5
9426;0;0;0;0.32782;0
9425;0;0;0;0.41404;0
9424;0;0;0;0.063598;0
9423;0;0;0;0.097988;0
9422;0;0;0;0.27095;0
9421;1;10162;10163;0.75983;7
9420;0;0;0;0.44122;0
9419;0;0;0;0.93203;0
9418;1;10160;10161;0.98359;7
9417;1;10158;10159;0.2206;2
9416;0;0;0;0.75063;0
9415;0;0;0;0.040478;0
9414;1;10156;10157;0.90161;7
9413;1;10154;10155;0.28767;3
9412;0;0;0;0.76774;0
9411;1;10152;10153;0.56176;10
9410;1;10150;10151;0.012891;11
9409;1;10148;10149;0.0014735;5
9408;0;0;0;0.5811;0
9407;0;0;0;0.5864;0
9406;0;0;0;0.84189;0
9405;1;10146;10147;0.37621;2
9404;0;0;0;0.4141;0
9403;0;0;0;0.24827;0
9402;0;0;0;0.51951;0
9401;0;0;0;0.5738;0
9400;0;0;0;0.92928;0
9399;0;0;0;0.29805;0
9398;0;0;0;0.70319;0
9397;0;0;0;0.20158;0
9396;1;10144;10145;0.55036;2
9395;1;10142;10143;0.82662;1
9394;1;10140;10141;0.029294;9
9393;1;10138;10139;0.77062;6
9392;0;0;0;0.73386;0
9391;1;10136;10137;0.0015922;5
9390;0;0;0;0.11574;0
9389;0;0;0;0.74154;0
9388;0;0;0;0.5796;0
9387;0;0;0;0.5928;0
9386;0;0;0;0.37135;0
9385;0;0;0;0.54915;0
9384;0;0;0;0.19186;0
9383;1;10134;10135;0.92208;4
9382;1;10132;10133;0.49796;8
9381;1;10130;10131;0.63929;6
9380;1;10128;10129;0.14537;2
9379;1;10126;10127;0.090743;11
9378;0;0;0;0;0
9377;0;0;0;0.58562;0
9376;0;0;0;0.29875;0
9375;1;10124;10125;0.59433;8
9374;1;10122;10123;0.37546;2
9373;1;10120;10121;0.28855;10
9372;0;0;0;0.88018;0
9371;1;10118;10119;0.57925;3
9370;0;0;0;0.69014;0
9369;0;0;0;0.58368;0
9368;0;0;0;0.25806;0
9367;0;0;0;0.57215;0
9366;0;0;0;0.17182;0
9365;0;0;0;0.27674;0
9364;1;10116;10117;0.088603;11
9363;1;10114;10115;0.12681;3
9362;1;10112;10113;0.21425;11
9361;1;10110;10111;0.71428;12
9360;0;0;0;0.61584;0
9359;0;0;0;0.30052;0
9358;0;0;0;0.13555;0
9357;0;0;0;0.21529;0
9356;0;0;0;0.63642;0
9355;0;0;0;0.36305;0
9354;0;0;0;0.017379;0
9353;0;0;0;0.66872;0
9352;0;0;0;0.5192;0
9351;0;0;0;0.82507;0
9350;0;0;0;0.5727;0
9349;0;0;0;0.44397;0
9348;0;0;0;0.17633;0
9347;0;0;0;0.57892;0
9346;1;10108;10109;0.17532;12
9345;1;10106;10107;0.65546;7
9344;0;0;0;0.67023;0
9343;0;0;0;0.11846;0
9342;1;10104;10105;0.43794;12
9341;0;0;0;0.12626;0
9340;1;10102;10103;0.34109;9
9339;0;0;0;0.43898;0
9338;0;0;0;0.60416;0
9337;1;10100;10101;0.75906;2
9336;0;0;0;0.70519;0
9335;0;0;0;0.17053;0
9334;0;0;0;0.43528;0
9333;1;10098;10099;0.0067417;5
9332;0;0;0;0.39708;0
9331;1;10096;10097;0.17182;10
9330;0;0;0;0.12508;0
9329;1;10094;10095;0.066904;1
9328;1;10092;10093;0.73657;3
9327;0;0;0;0.73273;0
9326;1;10090;10091;0.33245;7
9325;0;0;0;0.55706;0
9324;0;0;0;0.26654;0
9323;1;10088;10089;0.9436;9
9322;0;0;0;0.41029;0
9321;0;0;0;0.26834;0
9320;0;0;0;0.077733;0
9319;1;10086;10087;0.0074;5
9318;1;10084;10085;0.52567;2
9317;0;0;0;0.384;0
9316;1;10082;10083;0.16863;11
9315;0;0;0;0.25547;0
9314;0;0;0;0.57154;0
9313;1;10080;10081;0.51247;3
9312;0;0;0;0.092541;0
9311;1;10078;10079;0.49941;3
9310;1;10076;10077;0.76699;2
9309;0;0;0;0.54346;0
9308;1;10074;10075;0.2493;2
9307;0;0;0;0.10313;0
9306;1;10072;10073;0.0024217;5
9305;1;10070;10071;0.58734;1
9304;1;10068;10069;0.13969;11
9303;0;0;0;0.53035;0
9302;0;0;0;0.12469;0
9301;1;10066;10067;0.14621;5
9300;1;10064;10065;0.94251;7
9299;0;0;0;0.097704;0
9298;0;0;0;0.25563;0
9297;0;0;0;0.070784;0
9296;1;10062;10063;0.33422;5
9295;1;10060;10061;0.087138;5
9294;1;10058;10059;0.66243;3
9293;1;10056;10057;0.74243;1
9292;0;0;0;0.13226;0
9291;1;10054;10055;0.16667;6
9290;0;0;0;0.25098;0
9289;1;10052;10053;0.21584;11
9288;1;10050;10051;0.58825;6
9287;1;10048;10049;0.33114;11
9286;1;10046;10047;0.0043855;8
9285;0;0;0;0.096275;0
9284;0;0;0;0.30177;0
9283;0;0;0;0.24676;0
9282;1;10044;10045;0.094189;10
9281;1;10042;10043;0.15726;10
9280;0;0;0;0.73702;0
9279;1;10040;10041;0.11465;8
9278;1;10038;10039;0.05275;5
9277;0;0;0;0.07259;0
9276;1;10036;10037;0.97548;7
9275;1;10034;10035;0.060068;9
9274;0;0;0;0.76922;0
9273;0;0;0;0.43727;0
9272;0;0;0;0.29487;0
9271;0;0;0;0.76028;0
9270;0;0;0;0.52144;0
9269;0;0;0;0.3037;0
9268;0;0;0;0.034705;0
9267;0;0;0;0.36061;0
9266;1;10032;10033;0.55581;4
9265;0;0;0;0.49816;0
9264;0;0;0;0.2531;0
9263;0;0;0;0.54957;0
9262;1;10030;10031;0.33377;7
9261;0;0;0;0.59459;0
9260;0;0;0;0.39226;0
9259;1;10028;10029;0.51301;1
9258;0;0;0;0.62719;0
9257;0;0;0;0.75274;0
9256;1;10026;10027;0.79685;11
9255;0;0;0;0.28588;0
9254;0;0;0;0.056297;0
9253;0;0;0;0.52096;0
9252;1;10024;10025;0.48364;2
9251;0;0;0;0.43257;0
9250;0;0;0;0.062743;0
9249;0;0;0;0.069396;0
9248;0;0;0;0.30475;0
9247;0;0;0;0.374;0
9246;1;10022;10023;0.0021568;5
9245;0;0;0;0.62575;0
9244;1;10020;10021;0.48998;4
9243;0;0;0;0.29065;0
9242;0;0;0;0.56445;0
9241;0;0;0;0.23863;0
9240;1;10018;10019;0.2211;11
9239;1;10016;10017;0.89281;7
9238;0;0;0;0.087315;0
9237;1;10014;10015;0.15132;5
9236;0;0;0;0.2391;0
9235;0;0;0;0.68855;0
9234;1;10012;10013;0.51282;4
9233;0;0;0;0.26143;0
9232;0;0;0;0.82556;0
9231;1;10010;10011;0.79343;12
9230;0;0;0;0.61658;0
9229;0;0;0;0.3761;0
9228;0;0;0;0.62274;0
9227;0;0;0;0.305;0
9226;0;0;0;0.4923;0
9225;0;0;0;0.47375;0
9224;0;0;0;0.34928;0
9223;1;10008;10009;0.030932;9
9222;1;10006;10007;0.58494;4
9221;0;0;0;0.11651;0
9220;1;10004;10005;0.75757;4
9219;0;0;0;0.4435;0
9218;0;0;0;0.35002;0
9217;0;0;0;0.66385;0
9216;0;0;0;0.50156;0
9215;0;0;0;0.45927;0
9214;0;0;0;0.14256;0
9213;0;0;0;0.43323;0
9212;0;0;0;0.56661;0
9211;0;0;0;0.11741;0
9210;0;0;0;0.4222;0
9209;0;0;0;0.28087;0
9208;0;0;0;0.49331;0
9207;1;10002;10003;0.50749;2
9206;0;0;0;0.30217;0
9205;1;10000;10001;0.24419;5
9204;0;0;0;0.48298;0
9203;0;0;0;0.27726;0
9202;1;9998;9999;0.89247;10
9201;1;9996;9997;0.87629;8
9200;1;9994;9995;0.80144;8
9199;0;0;0;0.21231;0
9198;1;9992;9993;0.32467;3
9197;1;9990;9991;0.94682;4
9196;0;0;0;0.45191;0
9195;0;0;0;0.5824;0
9194;0;0;0;0.071969;0
9193;0;0;0;0.83823;0
9192;0;0;0;0.7188;0
9191;1;9988;9989;0.11833;3
9190;1;9986;9987;0.38129;5
9189;0;0;0;0.74424;0
9188;0;0;0;0.90859;0
9187;0;0;0;0.61247;0
9186;0;0;0;0.73832;0
9185;0;0;0;0.63641;0
9184;0;0;0;0.83043;0
9183;1;9984;9985;0.6996;5
9182;1;9982;9983;0.79775;4
9181;0;0;0;0.087196;0
9180;0;0;0;0.25222;0
9179;0;0;0;0.6359;0
9178;0;0;0;0.47569;0
9177;0;0;0;0.2772;0
9176;1;9980;9981;0.1827;9
9175;1;9978;9979;0.20466;3
9174;1;9976;9977;0.45079;5
9173;1;9974;9975;0.69419;2
9172;1;9972;9973;0.17517;3
9171;0;0;0;0.73203;0
9170;0;0;0;0.028126;0
9169;0;0;0;0.57132;0
9168;0;0;0;0.39033;0
9167;1;9970;9971;0.71588;11
9166;1;9968;9969;0.31479;3
9165;1;9966;9967;0.86254;4
9164;0;0;0;0.38986;0
9163;0;0;0;0.47186;0
9162;0;0;0;0.67914;0
9161;0;0;0;0.51688;0
9160;0;0;0;0.28593;0
9159;1;9964;9965;0.8623;4
9158;0;0;0;0.22543;0
9157;1;9962;9963;0.39213;8
9156;0;0;0;0.62095;0
9155;1;9960;9961;0.91657;4
9154;1;9958;9959;0.86665;12
9153;0;0;0;0.10938;0
9152;1;9956;9957;0.22209;8
9151;1;9954;9955;0.36709;3
9150;0;0;0;0.52814;0
9149;0;0;0;0.73229;0
9148;0;0;0;0.3752;0
9147;0;0;0;0.3391;0
9146;1;9952;9953;0.23744;2
9145;0;0;0;0.066323;0
9144;0;0;0;0.58615;0
9143;0;0;0;0.56151;0
9142;0;0;0;0.21478;0
9141;0;0;0;0.18011;0
9140;0;0;0;0.40205;0
9139;0;0;0;0.52128;0
9138;1;9950;9951;0.51901;3
9137;0;0;0;0.66587;0
9136;0;0;0;0.36808;0
9135;1;9948;9949;0.80239;10
9134;0;0;0;0.57216;0
9133;1;9946;9947;0.81056;10
9132;0;0;0;0.14254;0
9131;0;0;0;0.054435;0
9130;1;9944;9945;0.7714;10
9129;1;9942;9943;0.38085;4
9128;0;0;0;0.037933;0
9127;0;0;0;0.20291;0
9126;1;9940;9941;0.70844;10
9125;1;9938;9939;0.60637;4
9124;0;0;0;0.8102;0
9123;0;0;0;0.64519;0
9122;1;9936;9937;0.1031;7
9121;0;0;0;0.078969;0
9120;0;0;0;0.40955;0
9119;0;0;0;0.5372;0
9118;0;0;0;0.81166;0
9117;0;0;0;0.53244;0
9116;0;0;0;0.22863;0
9115;0;0;0;0.71435;0
9114;1;9934;9935;0.094393;2
9113;1;9932;9933;0.84677;1
9112;0;0;0;0.043885;0
9111;1;9930;9931;0.20596;5
9110;0;0;0;0.19218;0
9109;0;0;0;0.07019;0
9108;1;9928;9929;0.40621;8
9107;1;9926;9927;0.72888;4
9106;0;0;0;0.13275;0
9105;1;9924;9925;0.9721;11
9104;1;9922;9923;0.53038;11
9103;1;9920;9921;0.72779;9
9102;1;9918;9919;0.26627;3
9101;1;9916;9917;0.71934;1
9100;0;0;0;0.10677;0
9099;0;0;0;0.63783;0
9098;0;0;0;0.44965;0
9097;0;0;0;0.87647;0
9096;1;9914;9915;0.24329;3
9095;1;9912;9913;0.42316;11
9094;1;9910;9911;0.37633;3
9093;1;9908;9909;0.036129;5
9092;0;0;0;0.047466;0
9091;1;9906;9907;0.77484;10
9090;1;9904;9905;0.53923;4
9089;0;0;0;0.7152;0
9088;0;0;0;0.39113;0
9087;0;0;0;0.15759;0
9086;1;9902;9903;0.4196;12
9085;0;0;0;0.83766;0
9084;0;0;0;0.4883;0
9083;0;0;0;0.50709;0
9082;1;9900;9901;0.21273;3
9081;0;0;0;0.35148;0
9080;1;9898;9899;0.1525;6
9079;1;9896;9897;0.58865;6
9078;1;9894;9895;0.53695;3
9077;0;0;0;0.85854;0
9076;1;9892;9893;0.72536;2
9075;0;0;0;0.27473;0
9074;0;0;0;0.57205;0
9073;1;9890;9891;0.90355;2
9072;0;0;0;0.64695;0
9071;0;0;0;0.41255;0
9070;1;9888;9889;0.24924;3
9069;0;0;0;0.50254;0
9068;1;9886;9887;0.61719;8
9067;0;0;0;0.17909;0
9066;1;9884;9885;0.12783;8
9065;1;9882;9883;0.095112;5
9064;0;0;0;0.043988;0
9063;1;9880;9881;0.6091;8
9062;0;0;0;0.87174;0
9061;0;0;0;0.41936;0
9060;0;0;0;0.15693;0
9059;0;0;0;0.72385;0
9058;0;0;0;0.30576;0
9057;1;9878;9879;0.90496;4
9056;1;9876;9877;0.91672;4
9055;0;0;0;0.1766;0
9054;1;9874;9875;0.43291;8
9053;0;0;0;0.8286;0
9052;0;0;0;0.65784;0
9051;1;9872;9873;0.44375;8
9050;1;9870;9871;0.38513;8
9049;0;0;0;0.31391;0
9048;0;0;0;0.54897;0
9047;0;0;0;0.23104;0
9046;1;9868;9869;0.1886;12
9045;1;9866;9867;0.17766;7
9044;0;0;0;0.55434;0
9043;0;0;0;0.57322;0
9042;1;9864;9865;0.98555;4
9041;1;9862;9863;0.2551;8
9040;0;0;0;0.28038;0
9039;0;0;0;0.45308;0
9038;0;0;0;0.61955;0
9037;0;0;0;0.49004;0
9036;1;9860;9861;0.33961;9
9035;1;9858;9859;0.73754;10
9034;1;9856;9857;0.99733;4
9033;0;0;0;0.34392;0
9032;0;0;0;0.58824;0
9031;0;0;0;0.6916;0
9030;1;9854;9855;0.87087;2
9029;1;9852;9853;0.1162;5
9028;1;9850;9851;0.093188;3
9027;1;9848;9849;0.9522;4
9026;0;0;0;0.28386;0
9025;0;0;0;0.58896;0
9024;0;0;0;0.2607;0
9023;0;0;0;0.18103;0
9022;0;0;0;0.68303;0
9021;1;9846;9847;0.25658;2
9020;0;0;0;0.76037;0
9019;0;0;0;0.21253;0
9018;0;0;0;0.59806;0
9017;1;9844;9845;0.0012019;5
9016;0;0;0;0.72534;0
9015;1;9842;9843;0.24655;8
9014;0;0;0;0.61289;0
9013;1;9840;9841;0.68981;1
9012;0;0;0;0.33833;0
9011;1;9838;9839;0.48423;3
9010;0;0;0;0.12409;0
9009;0;0;0;0.33175;0
9008;1;9836;9837;0.90229;2
9007;0;0;0;0.46779;0
9006;0;0;0;0.20681;0
9005;0;0;0;0.15373;0
9004;0;0;0;0.5499;0
9003;0;0;0;0.37515;0
9002;0;0;0;0.13656;0
9001;0;0;0;0.54033;0
9000;0;0;0;0.24703;0
8999;1;9834;9835;0.22783;9
8998;1;9832;9833;0.40253;4
8997;0;0;0;0.55646;0
8996;0;0;0;0.099673;0
8995;0;0;0;0.11051;0
8994;0;0;0;0.40967;0
8993;0;0;0;0.55427;0
8992;1;9830;9831;0.61259;11
8991;1;9828;9829;0.25737;9
8990;0;0;0;0.70795;0
8989;0;0;0;0.48583;0
8988;1;9826;9827;0.090946;5
8987;0;0;0;0.35662;0
8986;0;0;0;0.49193;0
8985;1;9824;9825;0.0089864;9
8984;1;9822;9823;0.23714;10
8983;0;0;0;0.29687;0
8982;0;0;0;0.040483;0
8981;0;0;0;0.75233;0
8980;1;9820;9821;0.35152;4
8979;1;9818;9819;0.33035;10
8978;1;9816;9817;0.37603;2
8977;0;0;0;0.3908;0
8976;0;0;0;0.10751;0
8975;0;0;0;0.7228;0
8974;0;0;0;0.65566;0
8973;0;0;0;0.54263;0
8972;1;9814;9815;0.16224;10
8971;0;0;0;0.31623;0
8970;0;0;0;0.076677;0
8969;0;0;0;0.13129;0
8968;0;0;0;0.43838;0
8967;0;0;0;0.050599;0
8966;0;0;0;0.33504;0
8965;0;0;0;0.49243;0
8964;0;0;0;0.068022;0
8963;0;0;0;0.30792;0
8962;0;0;0;0.078659;0
8961;0;0;0;0.72926;0
8960;0;0;0;0.36328;0
8959;0;0;0;0.19775;0
8958;1;9812;9813;0.74199;4
8957;0;0;0;0.36224;0
8956;0;0;0;0.76166;0
8955;1;9810;9811;0.90674;1
8954;0;0;0;0.17398;0
8953;1;9808;9809;0.27683;2
8952;0;0;0;0.2634;0
8951;1;9806;9807;0.23112;8
8950;0;0;0;0.097103;0
8949;0;0;0;0.29603;0
8948;0;0;0;0.63983;0
8947;1;9804;9805;0.71246;8
8946;1;9802;9803;0.92177;4
8945;1;9800;9801;0.94872;2
8944;0;0;0;0.48149;0
8943;0;0;0;0.88233;0
8942;1;9798;9799;0.0057787;7
8941;1;9796;9797;0.31579;3
8940;0;0;0;0.059169;0
8939;1;9794;9795;0.87542;5
8938;0;0;0;0.27747;0
8937;0;0;0;0.6962;0
8936;1;9792;9793;0.50805;3
8935;0;0;0;0.016578;0
8934;0;0;0;0.36021;0
8933;1;9790;9791;0.76685;1
8932;0;0;0;0.14125;0
8931;0;0;0;0.3283;0
8930;0;0;0;0.47554;0
8929;0;0;0;0.71027;0
8928;1;9788;9789;0.85005;9
8927;0;0;0;0.041221;0
8926;1;9786;9787;0.6564;11
8925;0;0;0;0.41739;0
8924;0;0;0;0.69791;0
8923;0;0;0;0.16927;0
8922;0;0;0;0.43163;0
8921;1;9784;9785;0.97091;1
8920;1;9782;9783;0.79438;4
8919;0;0;0;0.6414;0
8918;0;0;0;0.77769;0
8917;0;0;0;0.10551;0
8916;0;0;0;0.27066;0
8915;1;9780;9781;0.73517;4
8914;1;9778;9779;0.81861;4
8913;0;0;0;0.2481;0
8912;0;0;0;0.43872;0
8911;1;9776;9777;0.39646;8
8910;0;0;0;0.4789;0
8909;0;0;0;0.69918;0
8908;0;0;0;0.3301;0
8907;0;0;0;0.66464;0
8906;0;0;0;0.34059;0
8905;0;0;0;0.71627;0
8904;1;9774;9775;0.97907;1
8903;1;9772;9773;0.58918;4
8902;1;9770;9771;0.11168;10
8901;0;0;0;0.81848;0
8900;0;0;0;0.52245;0
8899;1;9768;9769;0.99448;11
8898;0;0;0;0.31574;0
8897;0;0;0;0.30483;0
8896;0;0;0;0.60035;0
8895;1;9766;9767;0.016518;9
8894;1;9764;9765;0.4046;2
8893;1;9762;9763;0.15197;5
8892;0;0;0;0.10754;0
8891;0;0;0;0.5502;0
8890;0;0;0;0.75322;0
8889;1;9760;9761;0.54026;1
8888;0;0;0;0.86839;0
8887;1;9758;9759;0.36438;12
8886;0;0;0;0.29579;0
8885;1;9756;9757;0.4012;3
8884;0;0;0;0.82773;0
8883;1;9754;9755;0.24625;7
8882;0;0;0;0.28076;0
8881;1;9752;9753;0.023263;5
8880;0;0;0;0.10228;0
8879;0;0;0;0.16767;0
8878;0;0;0;0.38961;0
8877;0;0;0;0.32801;0
8876;0;0;0;0.82311;0
8875;0;0;0;0.58894;0
8874;0;0;0;0.90875;0
8873;0;0;0;0.37191;0
8872;0;0;0;0.58962;0
8871;0;0;0;0.66094;0
8870;0;0;0;0.90366;0
8869;1;9750;9751;0.98674;1
8868;1;9748;9749;0.95688;4
8867;1;9746;9747;0.47172;8
8866;0;0;0;0.44622;0
8865;0;0;0;0.31848;0
8864;0;0;0;0.19516;0
8863;1;9744;9745;0.85705;9
8862;0;0;0;0.75592;0
8861;1;9742;9743;0.020542;6
8860;1;9740;9741;0.7659;1
8859;1;9738;9739;0.29935;8
8858;0;0;0;0.15809;0
8857;1;9736;9737;0.22673;7
8856;0;0;0;0.13302;0
8855;0;0;0;0.047623;0
8854;0;0;0;0.28192;0
8853;1;9734;9735;0.19978;5
8852;0;0;0;0.13562;0
8851;0;0;0;0.15851;0
8850;1;9732;9733;0.90556;4
8849;1;9730;9731;0.88846;7
8848;0;0;0;0.69778;0
8847;1;9728;9729;0.73861;4
8846;0;0;0;0.10573;0
8845;0;0;0;0.44664;0
8844;0;0;0;0.69489;0
8843;0;0;0;0.022163;0
8842;0;0;0;0.42326;0
8841;1;9726;9727;0.51064;3
8840;0;0;0;0.027475;0
8839;0;0;0;0.12721;0
8838;1;9724;9725;0.77872;8
8837;0;0;0;0.35019;0
8836;0;0;0;0.58962;0
8835;0;0;0;0.015427;0
8834;1;9722;9723;0.20548;11
8833;0;0;0;0.53363;0
8832;0;0;0;0.34451;0
8831;0;0;0;0.64395;0
8830;1;9720;9721;0.10381;5
8829;1;9718;9719;0.82357;12
8828;1;9716;9717;0.98102;12
8827;1;9714;9715;0.25372;11
8826;1;9712;9713;0.11773;3
8825;0;0;0;0.86202;0
8824;0;0;0;0.53349;0
8823;1;9710;9711;0.22479;11
8822;1;9708;9709;0.90465;12
8821;1;9706;9707;0.65567;9
8820;1;9704;9705;0.30165;8
8819;1;9702;9703;0.043276;5
8818;0;0;0;0.89142;0
8817;1;9700;9701;0.048175;11
8816;1;9698;9699;0.53471;12
8815;1;9696;9697;0.69846;4
8814;0;0;0;0.37372;0
8813;0;0;0;0.3145;0
8812;0;0;0;0.52082;0
8811;1;9694;9695;0.73411;4
8810;1;9692;9693;0.73862;4
8809;1;9690;9691;0.83889;7
8808;1;9688;9689;0.7944;6
8807;1;9686;9687;0.40505;12
8806;1;9684;9685;0.48849;7
8805;1;9682;9683;0.58537;3
8804;1;9680;9681;0.9991;6
8803;0;0;0;0.21107;0
8802;0;0;0;0.52754;0
8801;0;0;0;0.33848;0
8800;0;0;0;0.76281;0
8799;1;9678;9679;0.52703;8
8798;0;0;0;0.10597;0
8797;0;0;0;0.13617;0
8796;1;9676;9677;0.30012;2
8795;0;0;0;0.49616;0
8794;0;0;0;0.28022;0
8793;1;9674;9675;0.014129;9
8792;1;9672;9673;0.62943;3
8791;1;9670;9671;0.94641;7
8790;1;9668;9669;0.90572;4
8789;0;0;0;0.61368;0
8788;0;0;0;0.43976;0
8787;0;0;0;0.078177;0
8786;1;9666;9667;0.75048;3
8785;1;9664;9665;0.91664;6
8784;0;0;0;0.65717;0
8783;0;0;0;0.025122;0
8782;1;9662;9663;0.73798;8
8781;1;9660;9661;0.77517;4
8780;0;0;0;0.70214;0
8779;1;9658;9659;0.93006;12
8778;0;0;0;0.089987;0
8777;0;0;0;0.66537;0
8776;1;9656;9657;0.13721;5
8775;0;0;0;0.44298;0
8774;1;9654;9655;0.56954;4
8773;1;9652;9653;0.39875;8
8772;0;0;0;0.36542;0
8771;0;0;0;0.37488;0
8770;0;0;0;0.18721;0
8769;1;9650;9651;0.35164;10
8768;0;0;0;0.32547;0
8767;0;0;0;0.17778;0
8766;0;0;0;0.30997;0
8765;0;0;0;0.46912;0
8764;1;9648;9649;0.21219;11
8763;0;0;0;0.26468;0
8762;0;0;0;0.50254;0
8761;1;9646;9647;0.77046;2
8760;1;9644;9645;0.26813;2
8759;0;0;0;0.27966;0
8758;0;0;0;0.022089;0
8757;0;0;0;0.25971;0
8756;0;0;0;0.11169;0
8755;0;0;0;0.7787;0
8754;0;0;0;0.55951;0
8753;0;0;0;0.35227;0
8752;1;9642;9643;0.016803;5
8751;0;0;0;0.27542;0
8750;0;0;0;0.093868;0
8749;1;9640;9641;0.43388;8
8748;0;0;0;0.69445;0
8747;1;9638;9639;0.98762;7
8746;1;9636;9637;0.56827;2
8745;1;9634;9635;0.74622;12
8744;0;0;0;0.062892;0
8743;0;0;0;0.098322;0
8742;1;9632;9633;0.41567;3
8741;0;0;0;0.65077;0
8740;1;9630;9631;0.89012;7
8739;0;0;0;0.39377;0
8738;1;9628;9629;0.90448;7
8737;0;0;0;0.28285;0
8736;1;9626;9627;0.52284;8
8735;1;9624;9625;0.088439;5
8734;1;9622;9623;0.1114;10
8733;0;0;0;0.10838;0
8732;1;9620;9621;0.59082;3
8731;1;9618;9619;0.059242;2
8730;1;9616;9617;0.07779;2
8729;0;0;0;0.60324;0
8728;0;0;0;0.31761;0
8727;1;9614;9615;0.091826;9
8726;0;0;0;0.099947;0
8725;1;9612;9613;0.36801;2
8724;1;9610;9611;0.55729;8
8723;0;0;0;0.79713;0
8722;1;9608;9609;0.89868;4
8721;0;0;0;0.25019;0
8720;0;0;0;0.44464;0
8719;0;0;0;0.10932;0
8718;0;0;0;0.36599;0
8717;1;9606;9607;0.68538;12
8716;1;9604;9605;0.52854;12
8715;0;0;0;0.58899;0
8714;0;0;0;0.75664;0
8713;0;0;0;0.35009;0
8712;0;0;0;0.08776;0
8711;0;0;0;0.20376;0
8710;0;0;0;0.44039;0
8709;0;0;0;0.50184;0
8708;0;0;0;0.7014;0
8707;0;0;0;0.53074;0
8706;1;9602;9603;0.49026;8
8705;1;9600;9601;0.59044;4
8704;0;0;0;0.30103;0
8703;1;9598;9599;0.14504;10
8702;1;9596;9597;0.93932;6
8701;1;9594;9595;0.79681;8
8700;1;9592;9593;0.02937;9
8699;1;9590;9591;0.98932;6
8698;1;9588;9589;0.5516;8
8697;0;0;0;0.11852;0
8696;1;9586;9587;0.27812;10
8695;0;0;0;0.19581;0
8694;1;9584;9585;0.80717;2
8693;0;0;0;0.034049;0
8692;0;0;0;0.35469;0
8691;1;9582;9583;0.41862;4
8690;1;9580;9581;0.775;4
8689;0;0;0;0.27198;0
8688;1;9578;9579;0.47115;3
8687;1;9576;9577;0.87591;4
8686;0;0;0;0.11904;0
8685;1;9574;9575;0.67531;8
8684;1;9572;9573;0.36717;1
8683;1;9570;9571;0.32477;12
8682;0;0;0;0.28783;0
8681;0;0;0;0.18993;0
8680;0;0;0;0.53403;0
8679;1;9568;9569;0.95395;6
8678;1;9566;9567;0.2183;11
8677;0;0;0;0.42959;0
8676;1;9564;9565;0.25247;2
8675;1;9562;9563;0.20695;11
8674;0;0;0;0.23009;0
8673;0;0;0;0.31199;0
8672;0;0;0;0.1042;0
8671;0;0;0;0.21299;0
8670;0;0;0;0.49988;0
8669;1;9560;9561;0.47102;1
8668;1;9558;9559;0.79253;2
8667;0;0;0;0.37467;0
8666;1;9556;9557;0.78057;4
8665;0;0;0;0.093236;0
8664;0;0;0;0.35022;0
8663;1;9554;9555;0.26611;1
8662;1;9552;9553;0.97987;6
8661;0;0;0;0.087443;0
8660;1;9550;9551;0.039991;2
8659;1;9548;9549;0.89745;7
8658;0;0;0;0.70689;0
8657;0;0;0;0.48767;0
8656;1;9546;9547;0.67027;3
8655;0;0;0;0.16666;0
8654;0;0;0;0.42483;0
8653;0;0;0;0.070325;0
8652;0;0;0;0.31117;0
8651;0;0;0;0.31363;0
8650;0;0;0;0.99691;0
8649;0;0;0;0.33528;0
8648;0;0;0;0.56452;0
8647;0;0;0;0.18874;0
8646;1;9544;9545;0.54605;2
8645;0;0;0;0.081822;0
8644;1;9542;9543;0.33608;9
8643;0;0;0;0.63763;0
8642;0;0;0;0.20277;0
8641;0;0;0;0.46816;0
8640;0;0;0;0.69908;0
8639;0;0;0;0.49311;0
8638;0;0;0;0.35159;0
8637;0;0;0;0.072139;0
8636;1;9540;9541;0.91663;3
8635;1;9538;9539;0.46376;10
8634;0;0;0;0.63108;0
8633;0;0;0;0.41711;0
8632;0;0;0;0.06333;0
8631;0;0;0;0.37091;0
8630;0;0;0;0.69029;0
8629;0;0;0;0.050499;0
8628;0;0;0;0.6527;0
8627;1;9536;9537;0.0027018;11
8626;0;0;0;0.22069;0
8625;0;0;0;0.2208;0
8624;0;0;0;0.54268;0
8623;0;0;0;0.74025;0
8622;1;9534;9535;0.8625;12
8621;0;0;0;0.012933;0
8620;0;0;0;0.27512;0
8619;0;0;0;0.86021;0
8618;1;9532;9533;0.64124;10
8617;0;0;0;0.35295;0
8616;0;0;0;0.59052;0
8615;0;0;0;0.10853;0
8614;1;9530;9531;0.23345;12
8613;1;9528;9529;0.78316;5
8612;0;0;0;0.43121;0
8611;1;9526;9527;0.30442;12
8610;1;9524;9525;0.44945;8
8609;0;0;0;0.17011;0
8608;0;0;0;0.34018;0
8607;0;0;0;0.87568;0
8606;0;0;0;0.45835;0
8605;1;9522;9523;0.56357;12
8604;1;9520;9521;0.21468;12
8603;0;0;0;0.16119;0
8602;0;0;0;0.55659;0
8601;1;9518;9519;0.95722;12
8600;1;9516;9517;0.41943;8
8599;0;0;0;0.43704;0
8598;0;0;0;0.23776;0
8597;1;9514;9515;0.9729;12
8596;1;9512;9513;0.98502;4
8595;1;9510;9511;0.5;12
8594;1;9508;9509;0.028523;5
8593;0;0;0;0.42582;0
8592;0;0;0;0.23628;0
8591;1;9506;9507;0.2192;12
8590;0;0;0;0.1735;0
8589;1;9504;9505;0.45891;8
8588;1;9502;9503;0.098903;12
8587;0;0;0;0.34211;0
8586;0;0;0;0.089172;0
8585;1;9500;9501;0.74032;4
8584;0;0;0;0.22746;0
8583;0;0;0;0.58693;0
8582;0;0;0;0.3958;0
8581;1;9498;9499;0.4715;3
8580;1;9496;9497;0.085795;10
8579;0;0;0;0.34745;0
8578;0;0;0;0.10826;0
8577;1;9494;9495;0.76383;4
8576;0;0;0;0.33798;0
8575;1;9492;9493;0.61131;3
8574;1;9490;9491;0.018056;5
8573;1;9488;9489;0.57636;7
8572;0;0;0;0.86775;0
8571;0;0;0;0.42181;0
8570;0;0;0;0.16681;0
8569;1;9486;9487;0.96649;1
8568;1;9484;9485;0.58027;7
8567;0;0;0;0.48696;0
8566;0;0;0;0.87072;0
8565;1;9482;9483;0.01869;6
8564;1;9480;9481;0.81399;1
8563;1;9478;9479;0.080659;11
8562;1;9476;9477;0.02023;5
8561;0;0;0;0.74625;0
8560;1;9474;9475;0.11509;2
8559;1;9472;9473;0.5242;3
8558;1;9470;9471;0.81583;1
8557;1;9468;9469;0.15449;5
8556;0;0;0;0.62791;0
8555;0;0;0;0.42941;0
8554;0;0;0;0.10884;0
8553;1;9466;9467;0.7989;9
8552;1;9464;9465;0.63016;6
8551;0;0;0;0.10469;0
8550;0;0;0;0.37619;0
8549;0;0;0;0.55869;0
8548;1;9462;9463;0.043475;2
8547;1;9460;9461;0.033192;5
8546;1;9458;9459;0.80716;10
8545;0;0;0;0.37468;0
8544;0;0;0;0.64751;0
8543;1;9456;9457;0.032573;2
8542;1;9454;9455;0.23354;10
8541;1;9452;9453;0.10212;9
8540;0;0;0;0.06393;0
8539;0;0;0;0.26429;0
8538;0;0;0;0.6177;0
8537;0;0;0;0.88852;0
8536;0;0;0;0.64894;0
8535;0;0;0;0.22289;0
8534;0;0;0;0.40192;0
8533;0;0;0;0.5667;0
8532;1;9450;9451;0.12832;11
8531;0;0;0;0.13022;0
8530;0;0;0;0.36485;0
8529;1;9448;9449;0.37463;2
8528;1;9446;9447;0.4108;10
8527;0;0;0;0.10315;0
8526;1;9444;9445;0.31166;8
8525;0;0;0;0.29363;0
8524;0;0;0;0.60738;0
8523;1;9442;9443;0.015046;5
8522;1;9440;9441;0.05582;11
8521;1;9438;9439;0.40688;10
8520;1;9436;9437;0.34831;8
8519;0;0;0;0.15182;0
8518;1;9434;9435;0.30906;8
8517;1;9432;9433;0.80346;7
8516;0;0;0;0.13829;0
8515;0;0;0;0.061;0
8514;1;9430;9431;0.15626;12
8513;0;0;0;0.5058;0
8512;0;0;0;0.86838;0
8511;1;9428;9429;0.33483;8
8510;0;0;0;0.36756;0
8509;0;0;0;0.20035;0
8508;0;0;0;0.90099;0
8507;0;0;0;0.2352;0
8506;0;0;0;0.88201;0
8505;0;0;0;0.13999;0
8504;0;0;0;0.34115;0
8503;0;0;0;0.43955;0
8502;0;0;0;0.80349;0
8501;0;0;0;0.090724;0
8500;0;0;0;0.69084;0
8499;1;9426;9427;0.83676;9
8498;0;0;0;0.25295;0
8497;0;0;0;0.11954;0
8496;0;0;0;0.78534;0
8495;0;0;0;0.49823;0
8494;1;9424;9425;0.15113;2
8493;0;0;0;0.42272;0
8492;1;9422;9423;0.56853;3
8491;1;9420;9421;0.0018067;5
8490;1;9418;9419;0.46862;8
8489;0;0;0;0.61983;0
8488;1;9416;9417;0.78161;4
8487;1;9414;9415;0.44062;12
8486;0;0;0;0.61401;0
8485;0;0;0;0.45305;0
8484;0;0;0;0.23255;0
8483;1;9412;9413;0.52088;9
8482;1;9410;9411;0.45579;8
8481;1;9408;9409;0.71955;8
8480;0;0;0;0.69165;0
8479;0;0;0;0.75265;0
8478;0;0;0;0.4898;0
8477;1;9406;9407;0.22977;2
8476;1;9404;9405;0.5869;8
8475;1;9402;9403;0.2319;9
8474;1;9400;9401;0.00062555;5
8473;1;9398;9399;0.032878;9
8472;0;0;0;0.87402;0
8471;1;9396;9397;0.99907;2
8470;0;0;0;0.68516;0
8469;1;9394;9395;0.93636;7
8468;1;9392;9393;0.00013192;5
8467;1;9390;9391;0.012441;11
8466;1;9388;9389;0.41976;10
8465;0;0;0;0.87647;0
8464;1;9386;9387;0.68026;3
8463;1;9384;9385;0.57632;9
8462;0;0;0;0.55052;0
8461;1;9382;9383;0.75608;1
8460;1;9380;9381;0.95619;7
8459;1;9378;9379;0.21489;12
8458;1;9376;9377;0.50572;4
8457;0;0;0;0.14724;0
8456;1;9374;9375;0.55339;2
8455;1;9372;9373;0.79046;4
8454;0;0;0;0.6298;0
8453;1;9370;9371;0.65108;8
8452;1;9368;9369;0.69109;3
8451;1;9366;9367;0.99435;4
8450;1;9364;9365;0.13435;11
8449;0;0;0;0.50818;0
8448;0;0;0;0.10484;0
8447;0;0;0;0.17691;0
8446;1;9362;9363;0.31232;8
8445;0;0;0;0.16821;0
8444;1;9360;9361;0.28706;8
8443;0;0;0;0.44784;0
8442;1;9358;9359;0.14381;10
8441;1;9356;9357;0.52874;1
8440;0;0;0;0.74287;0
8439;0;0;0;0.4341;0
8438;0;0;0;0.65439;0
8437;0;0;0;0.27194;0
8436;0;0;0;0.62807;0
8435;0;0;0;0.52901;0
8434;1;9354;9355;0.9712;7
8433;0;0;0;0.046575;0
8432;0;0;0;0.29894;0
8431;0;0;0;0.50071;0
8430;0;0;0;0.24204;0
8429;0;0;0;0.46967;0
8428;1;9352;9353;0.57788;12
8427;0;0;0;0.55892;0
8426;0;0;0;0.32693;0
8425;0;0;0;0.63;0
8424;1;9350;9351;0.14868;2
8423;0;0;0;0.6246;0
8422;0;0;0;0.021365;0
8421;0;0;0;0.4114;0
8420;0;0;0;0.56267;0
8419;0;0;0;0.48858;0
8418;1;9348;9349;0.72581;10
8417;0;0;0;0.34719;0
8416;0;0;0;0.16984;0
8415;0;0;0;0.31581;0
8414;0;0;0;0.17692;0
8413;1;9346;9347;0.13352;1
8412;0;0;0;0.62226;0
8411;1;9344;9345;0.52282;8
8410;1;9342;9343;0.062599;5
8409;1;9340;9341;0.95772;7
8408;0;0;0;0.1041;0
8407;0;0;0;0.33365;0
8406;1;9338;9339;0.58677;12
8405;1;9336;9337;0.975;6
8404;1;9334;9335;0.95;7
8403;1;9332;9333;0.42575;2
8402;0;0;0;0.06656;0
8401;1;9330;9331;0.16813;10
8400;0;0;0;0.069925;0
8399;0;0;0;0.5839;0
8398;0;0;0;0.083265;0
8397;1;9328;9329;0.054694;11
8396;0;0;0;0.03843;0
8395;0;0;0;0.2768;0
8394;0;0;0;0.57208;0
8393;0;0;0;0.38979;0
8392;0;0;0;0.15909;0
8391;0;0;0;0.26218;0
8390;0;0;0;0.57354;0
8389;0;0;0;0.157;0
8388;0;0;0;0.48948;0
8387;0;0;0;0.43484;0
8386;0;0;0;0.092045;0
8385;1;9326;9327;0.66473;3
8384;1;9324;9325;0.11753;8
8383;1;9322;9323;0.44364;1
8382;0;0;0;0.40545;0
8381;1;9320;9321;0.68675;4
8380;0;0;0;0.053569;0
8379;1;9318;9319;0.18423;8
8378;1;9316;9317;0.78491;2
8377;0;0;0;0.097736;0
8376;0;0;0;0.39046;0
8375;1;9314;9315;0.10651;8
8374;1;9312;9313;0.67436;1
8373;0;0;0;0.47718;0
8372;0;0;0;0.092849;0
8371;1;9310;9311;0.11662;8
8370;0;0;0;0.6681;0
8369;0;0;0;0.0409;0
8368;1;9308;9309;0.98686;6
8367;0;0;0;0.10734;0
8366;1;9306;9307;0.96588;6
8365;0;0;0;0.096871;0
8364;1;9304;9305;0.077118;8
8363;0;0;0;0.5964;0
8362;0;0;0;0.20928;0
8361;0;0;0;0.20826;0
8360;0;0;0;0.56356;0
8359;0;0;0;0.79722;0
8358;1;9302;9303;0.094269;8
8357;1;9300;9301;0.5327;3
8356;0;0;0;0.060802;0
8355;1;9298;9299;0.1704;11
8354;0;0;0;0.03297;0
8353;0;0;0;0.44079;0
8352;0;0;0;0.14636;0
8351;1;9296;9297;0.83848;2
8350;1;9294;9295;0.72681;4
8349;0;0;0;0.11339;0
8348;1;9292;9293;0.36641;2
8347;0;0;0;0.63994;0
8346;0;0;0;0.090943;0
8345;1;9290;9291;0.14648;8
8344;0;0;0;0.13528;0
8343;1;9288;9289;0.022491;5
8342;0;0;0;0.087706;0
8341;1;9286;9287;0.97003;4
8340;1;9284;9285;0.072827;12
8339;0;0;0;0.23732;0
8338;0;0;0;0.51695;0
8337;0;0;0;0.33299;0
8336;0;0;0;0.51924;0
8335;0;0;0;0.042573;0
8334;0;0;0;0.36384;0
8333;1;9282;9283;0.31009;7
8332;1;9280;9281;0.10077;5
8331;0;0;0;0.13253;0
8330;0;0;0;0.66264;0
8329;0;0;0;0.12789;0
8328;0;0;0;0.35785;0
8327;1;9278;9279;0.87751;6
8326;0;0;0;0.035596;0
8325;1;9276;9277;0.087828;5
8324;0;0;0;0.98047;0
8323;0;0;0;0.18386;0
8322;1;9274;9275;0.54324;3
8321;0;0;0;0.41435;0
8320;0;0;0;0.2554;0
8319;0;0;0;0.50235;0
8318;0;0;0;0.12763;0
8317;0;0;0;0.63186;0
8316;0;0;0;0.16541;0
8315;0;0;0;0.061743;0
8314;0;0;0;0.21088;0
8313;0;0;0;0.57837;0
8312;1;9272;9273;0.25551;11
8311;0;0;0;0.14342;0
8310;0;0;0;0.61603;0
8309;0;0;0;0.42421;0
8308;0;0;0;0.25285;0
8307;0;0;0;0.64997;0
8306;0;0;0;0.34916;0
8305;0;0;0;0.37024;0
8304;0;0;0;0.091538;0
8303;1;9270;9271;0.78253;2
8302;0;0;0;0.2465;0
8301;1;9268;9269;0.53574;4
8300;1;9266;9267;0.76502;12
8299;0;0;0;0.047618;0
8298;0;0;0;0.37061;0
8297;1;9264;9265;0.45987;12
8296;0;0;0;0.62386;0
8295;1;9262;9263;0.96848;6
8294;1;9260;9261;0.64291;4
8293;0;0;0;0.40589;0
8292;1;9258;9259;0.12719;9
8291;0;0;0;0.81739;0
8290;1;9256;9257;0.88151;6
8289;0;0;0;0.31342;0
8288;1;9254;9255;0.33618;2
8287;0;0;0;0.24537;0
8286;0;0;0;0.48838;0
8285;1;9252;9253;0.67451;8
8284;0;0;0;0.60358;0
8283;0;0;0;0.22041;0
8282;0;0;0;0.44997;0
8281;0;0;0;0.71088;0
8280;0;0;0;0.46761;0
8279;1;9250;9251;0.86952;3
8278;0;0;0;0.50292;0
8277;0;0;0;0.5827;0
8276;0;0;0;0.26869;0
8275;1;9248;9249;0.68267;6
8274;0;0;0;0.088983;0
8273;1;9246;9247;0.017229;5
8272;1;9244;9245;0.54497;6
8271;0;0;0;0.1807;0
8270;0;0;0;0.58731;0
8269;0;0;0;0.1908;0
8268;1;9242;9243;0.87346;4
8267;1;9240;9241;0.77595;1
8266;1;9238;9239;0.51983;6
8265;1;9236;9237;0.17979;11
8264;0;0;0;0.18359;0
8263;0;0;0;0.19216;0
8262;1;9234;9235;0.27556;3
8261;0;0;0;0.67018;0
8260;0;0;0;0.3949;0
8259;0;0;0;0.29717;0
8258;0;0;0;0.12956;0
8257;1;9232;9233;0.30143;2
8256;1;9230;9231;0.20295;4
8255;0;0;0;0.62717;0
8254;0;0;0;0.37558;0
8253;1;9228;9229;0.47222;3
8252;1;9226;9227;0.43524;3
8251;0;0;0;0.68037;0
8250;1;9224;9225;0.022093;5
8249;0;0;0;0.37764;0
8248;0;0;0;0.80574;0
8247;0;0;0;0.86985;0
8246;0;0;0;0.53515;0
8245;1;9222;9223;0.87895;8
8244;1;9220;9221;0.84323;7
8243;0;0;0;0.13484;0
8242;0;0;0;0.49918;0
8241;1;9218;9219;0.93282;2
8240;0;0;0;0.19754;0
8239;0;0;0;0.83471;0
8238;0;0;0;0.64607;0
8237;0;0;0;0.11038;0
8236;0;0;0;0.32779;0
8235;0;0;0;0.23858;0
8234;0;0;0;0.64965;0
8233;1;9216;9217;0.55702;11
8232;0;0;0;0.23386;0
8231;0;0;0;0.6065;0
8230;0;0;0;0.31974;0
8229;1;9214;9215;0.99681;4
8228;0;0;0;0.50951;0
8227;0;0;0;0.046417;0
8226;1;9212;9213;0.80248;8
8225;1;9210;9211;0.34779;6
8224;1;9208;9209;0.059211;5
8223;1;9206;9207;0.86735;1
8222;0;0;0;0.25791;0
8221;0;0;0;0.53124;0
8220;1;9204;9205;0.63172;6
8219;1;9202;9203;0.71169;6
8218;1;9200;9201;0.53757;2
8217;1;9198;9199;0.25986;6
8216;1;9196;9197;0.23185;3
8215;1;9194;9195;0.14147;5
8214;0;0;0;0.64799;0
8213;0;0;0;0.11502;0
8212;0;0;0;0.33614;0
8211;0;0;0;0.49677;0
8210;1;9192;9193;0.78117;8
8209;0;0;0;0.87885;0
8208;1;9190;9191;0.11111;3
8207;1;9188;9189;0.0746;3
8206;0;0;0;0.60814;0
8205;1;9186;9187;0.10497;3
8204;0;0;0;0.62083;0
8203;0;0;0;0.59412;0
8202;0;0;0;0.26885;0
8201;0;0;0;0.23854;0
8200;0;0;0;0.46675;0
8199;0;0;0;0.73903;0
8198;0;0;0;0.49451;0
8197;0;0;0;0.43509;0
8196;0;0;0;0.14875;0
8195;0;0;0;0.78132;0
8194;0;0;0;0.40765;0
8193;0;0;0;0.87844;0
8192;0;0;0;0.7154;0
8191;1;9184;9185;0.87549;5
8190;1;9182;9183;0.90617;4
8189;0;0;0;0.19227;0
8188;0;0;0;0.49013;0
8187;0;0;0;0.5352;0
8186;0;0;0;0.38397;0
8185;1;9180;9181;0.65466;5
8184;0;0;0;0.36326;0
8183;0;0;0;0.11046;0
8182;0;0;0;0.36536;0
8181;0;0;0;0.05749;0
8180;0;0;0;0.38277;0
8179;0;0;0;0.33397;0
8178;1;9178;9179;0.8275;2
8177;0;0;0;0.19255;0
8176;0;0;0;0.4267;0
8175;0;0;0;0.42729;0
8174;0;0;0;0.18782;0
8173;0;0;0;0.20047;0
8172;0;0;0;0.48994;0
8171;0;0;0;0.16541;0
8170;0;0;0;0.70557;0
8169;0;0;0;0.48461;0
8168;0;0;0;0.80416;0
8167;0;0;0;0.036316;0
8166;0;0;0;0.34682;0
8165;0;0;0;0.37147;0
8164;0;0;0;0.02371;0
8163;0;0;0;0.15859;0
8162;0;0;0;0.40472;0
8161;0;0;0;0.12786;0
8160;1;9176;9177;0.1214;6
8159;1;9174;9175;0.96804;2
8158;1;9172;9173;0.67139;5
8157;0;0;0;0.59633;0
8156;0;0;0;0.18694;0
8155;1;9170;9171;0.73736;2
8154;0;0;0;0.024263;0
8153;0;0;0;0.096647;0
8152;1;9168;9169;0.98896;4
8151;1;9166;9167;0.80124;4
8150;0;0;0;0.12322;0
8149;0;0;0;0.32369;0
8148;1;9164;9165;0.27738;5
8147;0;0;0;0.3469;0
8146;0;0;0;0.65925;0
8145;1;9162;9163;0.30321;5
8144;0;0;0;0.38078;0
8143;1;9160;9161;0.99889;1
8142;0;0;0;0.23599;0
8141;0;0;0;0.20968;0
8140;0;0;0;0.49625;0
8139;1;9158;9159;0.81513;11
8138;0;0;0;0.19491;0
8137;0;0;0;0.40469;0
8136;0;0;0;0.25972;0
8135;1;9156;9157;0.063572;8
8134;0;0;0;0.33034;0
8133;1;9154;9155;0.79448;9
8132;1;9152;9153;0.6447;9
8131;1;9150;9151;0.89313;4
8130;0;0;0;0.61902;0
8129;1;9148;9149;0.73115;11
8128;1;9146;9147;0.20375;3
8127;1;9144;9145;0.48185;8
8126;0;0;0;0.86959;0
8125;0;0;0;0.74249;0
8124;0;0;0;0.30532;0
8123;0;0;0;0.084612;0
8122;1;9142;9143;0.9977;6
8121;1;9140;9141;0.87308;4
8120;1;9138;9139;0.62336;7
8119;0;0;0;0.24767;0
8118;1;9136;9137;0.55359;1
8117;1;9134;9135;0.63581;7
8116;0;0;0;0.71539;0
8115;1;9132;9133;0.42861;2
8114;1;9130;9131;0.88899;3
8113;1;9128;9129;0.51606;11
8112;1;9126;9127;0.8915;3
8111;0;0;0;0.28259;0
8110;1;9124;9125;0.65211;10
8109;1;9122;9123;0.97266;1
8108;1;9120;9121;0.81055;6
8107;0;0;0;0.24394;0
8106;1;9118;9119;0.39054;7
8105;1;9116;9117;0.93999;1
8104;1;9114;9115;0.77128;11
8103;1;9112;9113;0.35053;8
8102;1;9110;9111;0.26922;3
8101;0;0;0;0.12392;0
8100;1;9108;9109;0.33589;7
8099;1;9106;9107;0.8835;6
8098;1;9104;9105;0.64949;10
8097;1;9102;9103;0.002439;6
8096;1;9100;9101;0.43314;3
8095;0;0;0;0.85181;0
8094;0;0;0;0.20544;0
8093;1;9098;9099;0.52967;3
8092;0;0;0;0.81863;0
8091;0;0;0;0.20875;0
8090;1;9096;9097;0.83706;6
8089;1;9094;9095;0.45501;3
8088;0;0;0;0.86659;0
8087;1;9092;9093;0.013596;9
8086;1;9090;9091;0.029711;5
8085;1;9088;9089;0.34657;8
8084;0;0;0;0.86959;0
8083;0;0;0;0.68721;0
8082;0;0;0;0.32492;0
8081;0;0;0;0.11881;0
8080;1;9086;9087;0.038893;5
8079;1;9084;9085;0.38409;3
8078;0;0;0;0.23285;0
8077;0;0;0;0.66977;0
8076;0;0;0;0.6177;0
8075;1;9082;9083;0.34502;6
8074;1;9080;9081;0.29937;7
8073;1;9078;9079;0.9514;11
8072;0;0;0;0.2121;0
8071;1;9076;9077;0.74245;2
8070;0;0;0;0.50759;0
8069;0;0;0;0.12888;0
8068;0;0;0;0.54593;0
8067;0;0;0;0.45447;0
8066;0;0;0;0.16592;0
8065;0;0;0;0.56677;0
8064;1;9074;9075;0.48384;3
8063;1;9072;9073;0.72479;1
8062;1;9070;9071;0.35135;8
8061;0;0;0;0.19837;0
8060;0;0;0;0.37975;0
8059;1;9068;9069;0.19351;5
8058;0;0;0;0.37547;0
8057;0;0;0;0.075107;0
8056;1;9066;9067;0.33207;6
8055;1;9064;9065;0.18987;8
8054;1;9062;9063;0.13138;8
8053;1;9060;9061;0.94572;11
8052;0;0;0;0.58449;0
8051;0;0;0;0.44821;0
8050;0;0;0;0.15147;0
8049;0;0;0;0.72007;0
8048;0;0;0;0.39743;0
8047;0;0;0;0.72387;0
8046;0;0;0;0.19817;0
8045;1;9058;9059;0.21039;2
8044;0;0;0;0.90447;0
8043;0;0;0;0.53164;0
8042;0;0;0;0.3485;0
8041;1;9056;9057;0.081638;3
8040;0;0;0;0.22144;0
8039;1;9054;9055;0.090353;3
8038;0;0;0;0.1549;0
8037;0;0;0;0.45438;0
8036;1;9052;9053;0.16038;5
8035;0;0;0;0.59483;0
8034;0;0;0;0.39243;0
8033;1;9050;9051;0.99434;1
8032;0;0;0;0.25689;0
8031;1;9048;9049;0.025386;3
8030;1;9046;9047;0.065861;7
8029;1;9044;9045;0.9973;4
8028;0;0;0;0.36229;0
8027;1;9042;9043;0.2541;6
8026;0;0;0;0.28915;0
8025;1;9040;9041;0.99372;4
8024;0;0;0;0.046676;0
8023;1;9038;9039;0.65495;2
8022;1;9036;9037;0.053856;7
8021;0;0;0;0.22463;0
8020;0;0;0;0.3722;0
8019;0;0;0;0.34629;0
8018;0;0;0;0.56019;0
8017;1;9034;9035;0.064807;8
8016;0;0;0;0.43548;0
8015;0;0;0;0.63526;0
8014;1;9032;9033;0.27709;8
8013;0;0;0;0.25339;0
8012;1;9030;9031;0.95606;6
8011;0;0;0;0.18593;0
8010;1;9028;9029;0.86851;11
8009;0;0;0;0.59728;0
8008;0;0;0;0.79237;0
8007;0;0;0;0.22714;0
8006;0;0;0;0.45191;0
8005;0;0;0;0.4731;0
8004;0;0;0;0.11222;0
8003;1;9026;9027;0.6867;2
8002;0;0;0;0.047165;0
8001;0;0;0;0.18228;0
8000;0;0;0;0.63353;0
7999;0;0;0;0.42988;0
7998;0;0;0;0.64232;0
7997;0;0;0;0.44151;0
7996;0;0;0;0.15893;0
7995;0;0;0;0.64783;0
7994;1;9024;9025;0.51229;11
7993;0;0;0;0.63249;0
7992;0;0;0;0.34195;0
7991;1;9022;9023;0.68182;4
7990;1;9020;9021;0.75986;6
7989;0;0;0;0.63688;0
7988;0;0;0;0.93295;0
7987;1;9018;9019;0.73981;9
7986;1;9016;9017;0.63754;9
7985;0;0;0;0.75397;0
7984;0;0;0;0.34384;0
7983;0;0;0;0.56957;0
7982;0;0;0;0.0087727;0
7981;0;0;0;0.21612;0
7980;0;0;0;0.366;0
7979;0;0;0;0.42026;0
7978;0;0;0;0.739;0
7977;0;0;0;0.68052;0
7976;1;9014;9015;0.72055;4
7975;1;9012;9013;0.22308;3
7974;0;0;0;0.58199;0
7973;1;9010;9011;0.0090917;5
7972;0;0;0;0.056825;0
7971;1;9008;9009;0.25674;3
7970;0;0;0;0.60031;0
7969;1;9006;9007;0.44786;1
7968;1;9004;9005;0.49647;10
7967;0;0;0;0.0137;0
7966;0;0;0;0.61889;0
7965;0;0;0;0.47133;0
7964;0;0;0;0.29912;0
7963;1;9002;9003;0.86277;6
7962;0;0;0;0.48692;0
7961;0;0;0;0.14037;0
7960;1;9000;9001;0.9123;11
7959;0;0;0;0.77233;0
7958;1;8998;8999;0.35766;3
7957;1;8996;8997;0.78671;4
7956;0;0;0;0.47838;0
7955;0;0;0;0.1006;0
7954;0;0;0;0.41576;0
7953;1;8994;8995;0.11987;10
7952;1;8992;8993;0.86796;1
7951;1;8990;8991;0.47123;8
7950;1;8988;8989;0.53132;12
7949;0;0;0;0.16951;0
7948;1;8986;8987;0.57956;8
7947;0;0;0;0.092715;0
7946;1;8984;8985;0.42925;8
7945;1;8982;8983;0.2997;3
7944;1;8980;8981;0.47859;4
7943;0;0;0;0.20194;0
7942;0;0;0;0.62202;0
7941;0;0;0;0.49045;0
7940;0;0;0;0.73447;0
7939;1;8978;8979;0.52068;3
7938;0;0;0;0.44418;0
7937;0;0;0;0.12393;0
7936;0;0;0;0.38186;0
7935;0;0;0;0.053774;0
7934;1;8976;8977;0.88124;11
7933;0;0;0;0.22912;0
7932;0;0;0;0.55917;0
7931;1;8974;8975;0.54822;5
7930;0;0;0;0.34918;0
7929;0;0;0;0.43853;0
7928;1;8972;8973;0.73936;4
7927;1;8970;8971;0.21835;10
7926;0;0;0;0.081268;0
7925;0;0;0;0.14728;0
7924;0;0;0;0.46116;0
7923;1;8968;8969;0.11248;3
7922;1;8966;8967;0.49747;11
7921;0;0;0;0.025074;0
7920;1;8964;8965;0.48764;8
7919;1;8962;8963;0.19783;3
7918;0;0;0;0.40979;0
7917;1;8960;8961;0.41276;3
7916;1;8958;8959;0.19697;9
7915;0;0;0;0.43035;0
7914;0;0;0;0.72412;0
7913;1;8956;8957;0.049778;5
7912;1;8954;8955;0.19618;10
7911;0;0;0;0.74299;0
7910;1;8952;8953;0.41719;4
7909;0;0;0;0.2523;0
7908;0;0;0;0.61614;0
7907;1;8950;8951;0.53057;3
7906;1;8948;8949;0.73993;2
7905;1;8946;8947;0.99241;4
7904;1;8944;8945;0.091018;8
7903;0;0;0;0.45622;0
7902;1;8942;8943;0.90862;1
7901;0;0;0;0.065417;0
7900;1;8940;8941;0.89706;4
7899;1;8938;8939;0.1661;3
7898;0;0;0;0.49731;0
7897;1;8936;8937;0.62552;12
7896;1;8934;8935;0.34893;2
7895;0;0;0;0.34921;0
7894;0;0;0;0.65632;0
7893;0;0;0;0.42116;0
7892;0;0;0;0.63669;0
7891;1;8932;8933;0.84469;4
7890;1;8930;8931;0.18186;3
7889;1;8928;8929;0.43237;12
7888;0;0;0;0.73218;0
7887;1;8926;8927;0.65369;2
7886;1;8924;8925;0.9277;4
7885;0;0;0;0.50088;0
7884;0;0;0;0.24002;0
7883;1;8922;8923;0.34612;10
7882;0;0;0;0.046721;0
7881;1;8920;8921;0.21869;8
7880;1;8918;8919;0.98832;4
7879;1;8916;8917;0.16599;10
7878;1;8914;8915;0.33163;12
7877;0;0;0;0.77803;0
7876;0;0;0;0.46914;0
7875;1;8912;8913;0.11305;12
7874;0;0;0;0.53413;0
7873;1;8910;8911;0.42007;4
7872;1;8908;8909;0.59679;3
7871;0;0;0;0.7241;0
7870;1;8906;8907;0.35401;12
7869;0;0;0;0.34515;0
7868;0;0;0;0.78928;0
7867;0;0;0;0.035706;0
7866;0;0;0;0.37603;0
7865;1;8904;8905;0.38007;5
7864;1;8902;8903;0.32952;2
7863;1;8900;8901;0.20279;10
7862;1;8898;8899;0.89745;1
7861;1;8896;8897;0.74879;2
7860;1;8894;8895;0.71153;3
7859;0;0;0;0.54239;0
7858;0;0;0;0.22879;0
7857;0;0;0;0.14144;0
7856;0;0;0;0.55116;0
7855;1;8892;8893;0.52849;6
7854;0;0;0;0.11413;0
7853;0;0;0;0.88934;0
7852;0;0;0;0.59498;0
7851;0;0;0;0.62143;0
7850;0;0;0;0.3957;0
7849;0;0;0;0.40232;0
7848;0;0;0;0.25396;0
7847;0;0;0;0.31264;0
7846;0;0;0;0.53047;0
7845;1;8890;8891;0.12228;10
7844;0;0;0;0.37228;0
7843;0;0;0;0.58342;0
7842;1;8888;8889;0.74404;3
7841;0;0;0;0.13197;0
7840;1;8886;8887;0.42126;8
7839;0;0;0;0.37262;0
7838;0;0;0;0.59088;0
7837;0;0;0;0.18025;0
7836;0;0;0;0.38423;0
7835;0;0;0;0.27049;0
7834;1;8884;8885;0.05423;9
7833;0;0;0;0.30433;0
7832;0;0;0;0.68063;0
7831;0;0;0;0.78256;0
7830;0;0;0;0.58376;0
7829;0;0;0;0.47024;0
7828;0;0;0;0.32767;0
7827;1;8882;8883;0.082365;8
7826;1;8880;8881;0.77054;11
7825;1;8878;8879;0.015218;9
7824;0;0;0;0.027471;0
7823;0;0;0;0.32656;0
7822;0;0;0;0.5887;0
7821;1;8876;8877;0.95208;9
7820;0;0;0;0.35461;0
7819;0;0;0;0.2725;0
7818;0;0;0;0.627;0
7817;0;0;0;0.88709;0
7816;1;8874;8875;0.70017;2
7815;1;8872;8873;0.99097;4
7814;0;0;0;0.047285;0
7813;0;0;0;0.52785;0
7812;1;8870;8871;0.15001;3
7811;1;8868;8869;0.028918;3
7810;1;8866;8867;0.98402;1
7809;0;0;0;0.1712;0
7808;0;0;0;0.46616;0
7807;0;0;0;0.33876;0
7806;0;0;0;0.52941;0
7805;0;0;0;0.45168;0
7804;0;0;0;0.62524;0
7803;0;0;0;0.082314;0
7802;1;8864;8865;0.20228;10
7801;0;0;0;0.13719;0
7800;1;8862;8863;0.73639;4
7799;1;8860;8861;0.13232;5
7798;0;0;0;0.10513;0
7797;1;8858;8859;0.75737;1
7796;0;0;0;0.47635;0
7795;0;0;0;0.4599;0
7794;1;8856;8857;0.49454;6
7793;1;8854;8855;0.84454;1
7792;1;8852;8853;0.41615;2
7791;1;8850;8851;0.92542;7
7790;1;8848;8849;0.0064742;5
7789;1;8846;8847;0.012093;9
7788;0;0;0;0.1185;0
7787;0;0;0;0.22012;0
7786;0;0;0;0.066856;0
7785;0;0;0;0.66952;0
7784;0;0;0;0.47177;0
7783;0;0;0;0.46043;0
7782;0;0;0;0.34324;0
7781;0;0;0;0.7726;0
7780;0;0;0;0.28655;0
7779;0;0;0;0.36571;0
7778;0;0;0;0.11266;0
7777;0;0;0;0.49501;0
7776;0;0;0;0.23761;0
7775;0;0;0;0.50239;0
7774;0;0;0;0.61993;0
7773;0;0;0;0.79213;0
7772;1;8844;8845;0.18144;9
7771;0;0;0;0.41004;0
7770;0;0;0;0.16127;0
7769;0;0;0;0.3373;0
7768;0;0;0;0.12034;0
7767;0;0;0;0.85822;0
7766;0;0;0;0.61254;0
7765;1;8842;8843;0.34266;3
7764;0;0;0;0.55648;0
7763;1;8840;8841;0.70664;8
7762;1;8838;8839;0.94947;7
7761;0;0;0;0.10635;0
7760;1;8836;8837;0.30242;8
7759;1;8834;8835;0.3447;5
7758;0;0;0;0.30448;0
7757;1;8832;8833;0.28617;11
7756;1;8830;8831;0.79126;1
7755;0;0;0;0.25163;0
7754;0;0;0;0.059;0
7753;0;0;0;0.16532;0
7752;1;8828;8829;0.21068;11
7751;1;8826;8827;0.99992;2
7750;0;0;0;0.096189;0
7749;1;8824;8825;0.99436;6
7748;1;8822;8823;0.11668;5
7747;1;8820;8821;0.38058;2
7746;1;8818;8819;0.25601;2
7745;1;8816;8817;0.83507;6
7744;0;0;0;0.16255;0
7743;0;0;0;0.80639;0
7742;1;8814;8815;0.10172;9
7741;0;0;0;0.1045;0
7740;1;8812;8813;0.71844;7
7739;1;8810;8811;0.87657;7
7738;1;8808;8809;0.50721;3
7737;1;8806;8807;0.8377;7
7736;1;8804;8805;0.64597;2
7735;1;8802;8803;0.88122;8
7734;1;8800;8801;0.91592;8
7733;1;8798;8799;0.013372;5
7732;1;8796;8797;0.98655;7
7731;1;8794;8795;0.3729;8
7730;1;8792;8793;0.8572;6
7729;0;0;0;0.22291;0
7728;1;8790;8791;0.080545;11
7727;0;0;0;0.26251;0
7726;1;8788;8789;0.024837;5
7725;0;0;0;0.33902;0
7724;0;0;0;0.070691;0
7723;1;8786;8787;0.68782;8
7722;1;8784;8785;0.062758;12
7721;1;8782;8783;0.37004;10
7720;0;0;0;0.80251;0
7719;1;8780;8781;0.68105;4
7718;1;8778;8779;0.021954;5
7717;0;0;0;0.77869;0
7716;1;8776;8777;0.99849;6
7715;0;0;0;0.41776;0
7714;0;0;0;0.30202;0
7713;0;0;0;0.73599;0
7712;1;8774;8775;0.91462;6
7711;0;0;0;0.52202;0
7710;1;8772;8773;0.33864;3
7709;1;8770;8771;0.09719;11
7708;1;8768;8769;0.26524;3
7707;0;0;0;0.086249;0
7706;1;8766;8767;0.22566;2
7705;1;8764;8765;0.37525;10
7704;0;0;0;0.18368;0
7703;1;8762;8763;0.16544;9
7702;1;8760;8761;0.27809;12
7701;0;0;0;0.26601;0
7700;0;0;0;0.3652;0
7699;0;0;0;0.12243;0
7698;0;0;0;0.394;0
7697;1;8758;8759;0.54247;4
7696;0;0;0;0.57343;0
7695;0;0;0;0.10703;0
7694;1;8756;8757;0.15125;10
7693;1;8754;8755;0.83608;1
7692;1;8752;8753;0.77188;4
7691;1;8750;8751;0.15333;11
7690;0;0;0;5.7989e-05;0
7689;0;0;0;0.13287;0
7688;0;0;0;0.45839;0
7687;0;0;0;0.34751;0
7686;1;8748;8749;0.94287;7
7685;1;8746;8747;0.94689;7
7684;0;0;0;0.11602;0
7683;0;0;0;0.077617;0
7682;1;8744;8745;0.034715;2
7681;1;8742;8743;0.84658;3
7680;0;0;0;0.40181;0
7679;0;0;0;0.22481;0
7678;1;8740;8741;0.02391;5
7677;1;8738;8739;0.17105;11
7676;0;0;0;0.076784;0
7675;0;0;0;0.76641;0
7674;0;0;0;0.3166;0
7673;1;8736;8737;0.83607;7
7672;0;0;0;0.23526;0
7671;1;8734;8735;0.86616;7
7670;1;8732;8733;0.092518;10
7669;0;0;0;0.11573;0
7668;1;8730;8731;0.79203;6
7667;1;8728;8729;0.047955;11
7666;1;8726;8727;0.1132;2
7665;1;8724;8725;0.96278;6
7664;1;8722;8723;0.62286;2
7663;0;0;0;0.097538;0
7662;1;8720;8721;0.56743;10
7661;1;8718;8719;0.053527;11
7660;1;8716;8717;0.011453;5
7659;1;8714;8715;0.0085235;5
7658;1;8712;8713;0.32771;1
7657;0;0;0;0.7653;0
7656;1;8710;8711;0.89919;6
7655;1;8708;8709;0.01276;5
7654;1;8706;8707;0.76303;4
7653;1;8704;8705;0.86621;9
7652;0;0;0;0.19382;0
7651;0;0;0;0.083067;0
7650;1;8702;8703;0.99384;3
7649;1;8700;8701;0.41717;8
7648;1;8698;8699;0.46481;12
7647;1;8696;8697;0.063433;9
7646;1;8694;8695;0.66027;8
7645;0;0;0;0.49958;0
7644;0;0;0;0.1504;0
7643;1;8692;8693;0.022635;5
7642;1;8690;8691;0.88064;8
7641;1;8688;8689;0.92235;3
7640;1;8686;8687;0.65655;7
7639;1;8684;8685;0.25603;12
7638;1;8682;8683;0.82258;4
7637;1;8680;8681;0.6642;2
7636;1;8678;8679;0.44265;10
7635;1;8676;8677;0.24399;5
7634;0;0;0;0.80736;0
7633;0;0;0;0.10842;0
7632;1;8674;8675;0.37763;10
7631;1;8672;8673;0.3839;10
7630;1;8670;8671;0.65939;7
7629;0;0;0;0.64117;0
7628;0;0;0;0.84248;0
7627;0;0;0;0.21644;0
7626;0;0;0;0.75234;0
7625;1;8668;8669;0.5048;12
7624;1;8666;8667;0.87661;3
7623;0;0;0;0.41224;0
7622;0;0;0;0.63664;0
7621;0;0;0;0.23733;0
7620;0;0;0;0.0042884;0
7619;0;0;0;0.29045;0
7618;1;8664;8665;0.61766;7
7617;1;8662;8663;0.0024216;9
7616;1;8660;8661;0.12194;11
7615;0;0;0;0.17686;0
7614;0;0;0;0.43331;0
7613;0;0;0;0.36384;0
7612;0;0;0;0.11816;0
7611;0;0;0;0.24727;0
7610;0;0;0;0.39186;0
7609;0;0;0;0.17015;0
7608;1;8658;8659;0.11037;10
7607;1;8656;8657;0.98178;7
7606;0;0;0;0.12944;0
7605;0;0;0;0.15407;0
7604;0;0;0;0.41212;0
7603;0;0;0;0.66619;0
7602;0;0;0;0.40421;0
7601;0;0;0;0.15071;0
7600;0;0;0;0.50128;0
7599;0;0;0;0.034498;0
7598;1;8654;8655;0.4304;1
7597;0;0;0;0.65355;0
7596;1;8652;8653;0.27656;4
7595;0;0;0;0.76879;0
7594;1;8650;8651;0.93013;12
7593;1;8648;8649;0.38462;6
7592;1;8646;8647;0.89982;7
7591;1;8644;8645;0.2785;12
7590;1;8642;8643;0.45439;6
7589;1;8640;8641;0.57251;7
7588;0;0;0;0.82472;0
7587;1;8638;8639;0.55267;12
7586;0;0;0;0.22415;0
7585;0;0;0;0.14213;0
7584;0;0;0;0.38123;0
7583;1;8636;8637;0.50369;10
7582;1;8634;8635;0.12005;11
7581;0;0;0;0.58688;0
7580;1;8632;8633;0.58617;12
7579;1;8630;8631;0.85479;3
7578;1;8628;8629;0.42202;8
7577;1;8626;8627;0.77488;3
7576;0;0;0;0.26968;0
7575;0;0;0;0.052255;0
7574;1;8624;8625;0.70725;12
7573;0;0;0;0.42625;0
7572;1;8622;8623;0.54808;6
7571;0;0;0;0.22348;0
7570;0;0;0;0.49248;0
7569;0;0;0;0.46911;0
7568;1;8620;8621;0.73748;4
7567;0;0;0;0.28241;0
7566;1;8618;8619;0.68346;9
7565;1;8616;8617;0.99982;2
7564;0;0;0;0.8428;0
7563;0;0;0;0.43646;0
7562;0;0;0;0.16611;0
7561;1;8614;8615;0.081039;11
7560;0;0;0;0.53963;0
7559;1;8612;8613;0.028097;11
7558;1;8610;8611;0.54507;6
7557;1;8608;8609;0.36528;3
7556;0;0;0;0.41153;0
7555;0;0;0;0.26848;0
7554;1;8606;8607;0.015116;11
7553;0;0;0;0.35065;0
7552;0;0;0;0.85865;0
7551;1;8604;8605;0.5699;8
7550;1;8602;8603;0.026308;11
7549;1;8600;8601;0.18654;11
7548;0;0;0;0.10026;0
7547;0;0;0;0.36101;0
7546;0;0;0;0.52747;0
7545;0;0;0;0.23332;0
7544;1;8598;8599;0.41778;8
7543;0;0;0;0.49251;0
7542;0;0;0;0.33877;0
7541;0;0;0;0.7487;0
7540;0;0;0;0.47985;0
7539;1;8596;8597;0.42123;3
7538;1;8594;8595;0.98884;5
7537;0;0;0;0.070801;0
7536;1;8592;8593;0.99476;2
7535;0;0;0;0.38821;0
7534;0;0;0;0.67698;0
7533;1;8590;8591;0.88982;1
7532;0;0;0;0.095868;0
7531;0;0;0;0.083011;0
7530;1;8588;8589;0.19987;7
7529;1;8586;8587;0.92175;4
7528;1;8584;8585;0.31526;5
7527;1;8582;8583;0.8419;4
7526;0;0;0;0.7885;0
7525;1;8580;8581;0.10057;10
7524;0;0;0;0.16379;0
7523;1;8578;8579;0.67455;2
7522;1;8576;8577;0.48507;8
7521;1;8574;8575;0.54905;3
7520;1;8572;8573;0.014613;5
7519;1;8570;8571;0.9819;9
7518;1;8568;8569;0.62242;6
7517;0;0;0;0.33928;0
7516;1;8566;8567;0.24011;12
7515;1;8564;8565;0.1987;3
7514;1;8562;8563;0.032279;5
7513;0;0;0;0.44477;0
7512;1;8560;8561;0.52017;6
7511;1;8558;8559;0.81003;4
7510;1;8556;8557;0.40647;8
7509;1;8554;8555;0.83628;4
7508;1;8552;8553;0.71611;7
7507;1;8550;8551;0.1948;3
7506;0;0;0;0.086235;0
7505;1;8548;8549;0.12403;5
7504;0;0;0;0.25345;0
7503;1;8546;8547;0.96119;1
7502;1;8544;8545;0.44451;8
7501;0;0;0;0.72407;0
7500;1;8542;8543;0.53345;3
7499;1;8540;8541;0.69829;4
7498;1;8538;8539;0.42339;7
7497;1;8536;8537;0.23545;2
7496;0;0;0;0.53652;0
7495;1;8534;8535;0.976;1
7494;0;0;0;0.069759;0
7493;1;8532;8533;0.81708;10
7492;0;0;0;0.16429;0
7491;0;0;0;0.19599;0
7490;0;0;0;0.42402;0
7489;1;8530;8531;0.33977;8
7488;0;0;0;0.49371;0
7487;1;8528;8529;0.29349;9
7486;0;0;0;0.63077;0
7485;0;0;0;0.54014;0
7484;0;0;0;0.3105;0
7483;1;8526;8527;0.3837;10
7482;0;0;0;0.055334;0
7481;1;8524;8525;0.19045;6
7480;0;0;0;0.16881;0
7479;1;8522;8523;0.61071;4
7478;0;0;0;0.040972;0
7477;0;0;0;0.1057;0
7476;1;8520;8521;0.5404;2
7475;1;8518;8519;0.35212;8
7474;1;8516;8517;0.31263;8
7473;0;0;0;0.088972;0
7472;1;8514;8515;0.36246;8
7471;1;8512;8513;0.5498;2
7470;0;0;0;0.25889;0
7469;0;0;0;0.68151;0
7468;0;0;0;0.41329;0
7467;1;8510;8511;0.57515;2
7466;0;0;0;0.14899;0
7465;0;0;0;0.45384;0
7464;0;0;0;0.89177;0
7463;1;8508;8509;0.96422;7
7462;0;0;0;0.11719;0
7461;1;8506;8507;0.023629;11
7460;0;0;0;0.83735;0
7459;1;8504;8505;0.97774;7
7458;0;0;0;0.66952;0
7457;1;8502;8503;0.8801;10
7456;0;0;0;0.12459;0
7455;0;0;0;0.18025;0
7454;0;0;0;0.81801;0
7453;0;0;0;0.61598;0
7452;0;0;0;0;0
7451;1;8500;8501;0.0033444;5
7450;1;8498;8499;0.047025;6
7449;1;8496;8497;0.45482;7
7448;0;0;0;0.33376;0
7447;1;8494;8495;0.92211;10
7446;1;8492;8493;0.69891;9
7445;1;8490;8491;0.85734;6
7444;1;8488;8489;0.012766;11
7443;0;0;0;0.055213;0
7442;0;0;0;0.23864;0
7441;1;8486;8487;0.20358;2
7440;0;0;0;0.19131;0
7439;0;0;0;0.55168;0
7438;0;0;0;0.23844;0
7437;0;0;0;0.36369;0
7436;0;0;0;0.56678;0
7435;1;8484;8485;0.78162;8
7434;0;0;0;0.14005;0
7433;0;0;0;0.7973;0
7432;1;8482;8483;0.14499;11
7431;0;0;0;0.67046;0
7430;1;8480;8481;6.1272e-05;5
7429;1;8478;8479;0.34456;1
7428;0;0;0;0.94678;0
7427;0;0;0;0.42082;0
7426;0;0;0;0.20789;0
7425;0;0;0;0.041141;0
7424;1;8476;8477;0.89705;3
7423;0;0;0;0.65363;0
7422;0;0;0;0.22875;0
7421;0;0;0;0.93481;0
7420;0;0;0;0.70407;0
7419;1;8474;8475;0.82432;8
7418;0;0;0;0.10288;0
7417;1;8472;8473;0.11722;3
7416;1;8470;8471;0.71726;7
7415;1;8468;8469;0.3623;10
7414;1;8466;8467;0.78958;4
7413;1;8464;8465;0.47128;12
7412;1;8462;8463;0.031064;9
7411;0;0;0;0.19892;0
7410;1;8460;8461;0.3051;10
7409;0;0;0;0.83094;0
7408;1;8458;8459;0.17977;10
7407;1;8456;8457;0.34781;10
7406;1;8454;8455;0.51064;12
7405;1;8452;8453;0.58479;2
7404;1;8450;8451;0.4498;8
7403;1;8448;8449;0.73574;2
7402;0;0;0;0.82651;0
7401;0;0;0;0.39287;0
7400;0;0;0;0.087444;0
7399;1;8446;8447;0.0078014;12
7398;1;8444;8445;0.49626;2
7397;0;0;0;0.72405;0
7396;1;8442;8443;0.34873;3
7395;0;0;0;0.36694;0
7394;0;0;0;0.19257;0
7393;0;0;0;0.60198;0
7392;0;0;0;0.47273;0
7391;0;0;0;0.14646;0
7390;1;8440;8441;0.028462;2
7389;1;8438;8439;0.33054;8
7388;0;0;0;0.66502;0
7387;0;0;0;0.21573;0
7386;1;8436;8437;0.85291;8
7385;0;0;0;0.20584;0
7384;0;0;0;0.5409;0
7383;1;8434;8435;0.051443;11
7382;0;0;0;0.097884;0
7381;0;0;0;0.74096;0
7380;0;0;0;0.38812;0
7379;0;0;0;0.30672;0
7378;0;0;0;0.64707;0
7377;1;8432;8433;0.043059;9
7376;1;8430;8431;0.39357;4
7375;1;8428;8429;0.0046413;5
7374;0;0;0;0.71382;0
7373;1;8426;8427;0.87356;2
7372;0;0;0;0.13554;0
7371;0;0;0;0.20917;0
7370;1;8424;8425;0.996;6
7369;0;0;0;0.53918;0
7368;0;0;0;0.41672;0
7367;0;0;0;0.18502;0
7366;0;0;0;0.38952;0
7365;0;0;0;0.68782;0
7364;0;0;0;0.35506;0
7363;1;8422;8423;0.34142;9
7362;0;0;0;0.72403;0
7361;0;0;0;0.74128;0
7360;1;8420;8421;0.016023;5
7359;1;8418;8419;0.065188;11
7358;0;0;0;0.64132;0
7357;0;0;0;0.44507;0
7356;1;8416;8417;0.043131;3
7355;1;8414;8415;0.067468;5
7354;0;0;0;0.39027;0
7353;1;8412;8413;0.11965;9
7352;0;0;0;0.23972;0
7351;0;0;0;0.099754;0
7350;0;0;0;0.47798;0
7349;0;0;0;0.7009;0
7348;0;0;0;0.35172;0
7347;0;0;0;0.19049;0
7346;0;0;0;0.32405;0
7345;0;0;0;0.39924;0
7344;0;0;0;0.19451;0
7343;1;8410;8411;0.5067;8
7342;1;8408;8409;0.5078;8
7341;1;8406;8407;0.055795;9
7340;0;0;0;0.68717;0
7339;0;0;0;0.016937;0
7338;0;0;0;0.27317;0
7337;1;8404;8405;0.068223;11
7336;0;0;0;0.0073941;0
7335;1;8402;8403;0.60051;4
7334;0;0;0;0.30768;0
7333;1;8400;8401;0.16686;2
7332;1;8398;8399;0.085453;9
7331;1;8396;8397;0.045781;2
7330;1;8394;8395;0.47007;4
7329;0;0;0;0.151;0
7328;1;8392;8393;0.30746;2
7327;0;0;0;0.44821;0
7326;0;0;0;0.27742;0
7325;0;0;0;0.61357;0
7324;1;8390;8391;0.0022281;5
7323;0;0;0;0.33412;0
7322;0;0;0;0.13003;0
7321;1;8388;8389;0.12804;5
7320;0;0;0;0.1779;0
7319;1;8386;8387;0.084424;5
7318;0;0;0;0.72284;0
7317;1;8384;8385;0.029825;3
7316;0;0;0;0.048099;0
7315;0;0;0;0.43617;0
7314;0;0;0;0.12228;0
7313;1;8382;8383;0.17914;3
7312;1;8380;8381;0.24747;2
7311;1;8378;8379;0.49231;1
7310;1;8376;8377;0.040384;3
7309;1;8374;8375;0.86349;2
7308;1;8372;8373;0.61882;1
7307;0;0;0;0.38138;0
7306;0;0;0;0.13088;0
7305;1;8370;8371;0.86202;10
7304;1;8368;8369;0.82234;3
7303;0;0;0;0.38378;0
7302;0;0;0;0.70384;0
7301;1;8366;8367;0.55878;2
7300;1;8364;8365;0.63314;3
7299;0;0;0;0.037242;0
7298;1;8362;8363;0.5472;3
7297;1;8360;8361;0.15026;8
7296;0;0;0;0.66587;0
7295;1;8358;8359;0.16466;9
7294;1;8356;8357;0.037567;9
7293;1;8354;8355;0.033402;7
7292;1;8352;8353;0.51391;3
7291;1;8350;8351;0.14754;9
7290;0;0;0;0.11012;0
7289;1;8348;8349;0.41176;10
7288;1;8346;8347;0.47973;3
7287;1;8344;8345;0.32391;2
7286;1;8342;8343;0.36133;12
7285;1;8340;8341;0.78363;4
7284;1;8338;8339;0.33646;7
7283;1;8336;8337;0.19408;11
7282;1;8334;8335;0.24283;8
7281;0;0;0;0.4167;0
7280;0;0;0;0.67921;0
7279;0;0;0;0.45527;0
7278;0;0;0;0.16663;0
7277;1;8332;8333;0.7817;12
7276;0;0;0;0.098713;0
7275;0;0;0;0.63181;0
7274;0;0;0;0.25914;0
7273;0;0;0;0.50917;0
7272;0;0;0;0.89786;0
7271;1;8330;8331;0.39264;2
7270;0;0;0;0.6254;0
7269;0;0;0;0.45976;0
7268;1;8328;8329;0.94056;12
7267;1;8326;8327;0.016279;9
7266;0;0;0;0.15956;0
7265;0;0;0;0.036653;0
7264;0;0;0;0.60326;0
7263;1;8324;8325;0.0033188;5
7262;0;0;0;0.095379;0
7261;0;0;0;0.25051;0
7260;1;8322;8323;0.41173;10
7259;0;0;0;0.77536;0
7258;0;0;0;0.52106;0
7257;0;0;0;0.15686;0
7256;0;0;0;0.4832;0
7255;0;0;0;0.25485;0
7254;0;0;0;0.79534;0
7253;0;0;0;0.1935;0
7252;1;8320;8321;0.11956;11
7251;0;0;0;0.18276;0
7250;0;0;0;0.5579;0
7249;1;8318;8319;0.92197;4
7248;1;8316;8317;0.44868;12
7247;1;8314;8315;0.64042;12
7246;1;8312;8313;0.10063;2
7245;0;0;0;0.054569;0
7244;0;0;0;0.4848;0
7243;0;0;0;0.049875;0
7242;0;0;0;0.31599;0
7241;1;8310;8311;0.75137;4
7240;0;0;0;0.70814;0
7239;0;0;0;0.1548;0
7238;1;8308;8309;0.066715;5
7237;1;8306;8307;0.54423;2
7236;0;0;0;0.45246;0
7235;0;0;0;0.22955;0
7234;0;0;0;0.50805;0
7233;0;0;0;0.20019;0
7232;0;0;0;0.5315;0
7231;1;8304;8305;0.57704;4
7230;0;0;0;0.47468;0
7229;1;8302;8303;0.67156;3
7228;1;8300;8301;0.048147;10
7227;0;0;0;0.1352;0
7226;0;0;0;0.43412;0
7225;0;0;0;0.42672;0
7224;1;8298;8299;0.4569;9
7223;0;0;0;0.49001;0
7222;0;0;0;0.25415;0
7221;0;0;0;0.2037;0
7220;0;0;0;0.33136;0
7219;0;0;0;0.29293;0
7218;1;8296;8297;0.9387;6
7217;1;8294;8295;0.15127;11
7216;1;8292;8293;0.7063;8
7215;0;0;0;0.47806;0
7214;1;8290;8291;0.45787;2
7213;1;8288;8289;0.16477;9
7212;0;0;0;0.41522;0
7211;0;0;0;0.43787;0
7210;0;0;0;0.67476;0
7209;0;0;0;0.22558;0
7208;0;0;0;0.02767;0
7207;0;0;0;0.36783;0
7206;0;0;0;0.20028;0
7205;1;8286;8287;0.021197;12
7204;0;0;0;0.57897;0
7203;0;0;0;0.55539;0
7202;0;0;0;0.3824;0
7201;0;0;0;0.54583;0
7200;0;0;0;0.71014;0
7199;1;8284;8285;0.5555;7
7198;1;8282;8283;0.89037;7
7197;0;0;0;0.30449;0
7196;0;0;0;0.52535;0
7195;1;8280;8281;0.22998;8
7194;0;0;0;0.54342;0
7193;1;8278;8279;0.76008;2
7192;0;0;0;0.81833;0
7191;1;8276;8277;0.04021;10
7190;1;8274;8275;0.013169;11
7189;1;8272;8273;0.94986;6
7188;0;0;0;0.31154;0
7187;0;0;0;0.50696;0
7186;0;0;0;0.32189;0
7185;0;0;0;0.75671;0
7184;0;0;0;0.44515;0
7183;1;8270;8271;0.78321;6
7182;0;0;0;0.20821;0
7181;1;8268;8269;0.038949;6
7180;1;8266;8267;0.049653;11
7179;1;8264;8265;0.27;3
7178;0;0;0;0.73627;0
7177;0;0;0;0.25244;0
7176;0;0;0;0.60641;0
7175;0;0;0;0.15102;0
7174;1;8262;8263;0.2991;8
7173;1;8260;8261;0.37701;1
7172;0;0;0;0.45315;0
7171;1;8258;8259;0.95184;4
7170;0;0;0;0.085961;0
7169;0;0;0;0.56018;0
7168;0;0;0;0.36317;0
7167;0;0;0;0.43724;0
7166;0;0;0;0.30387;0
7165;0;0;0;0.3116;0
7164;1;8256;8257;0.052982;9
7163;0;0;0;0.22545;0
7162;0;0;0;0.49594;0
7161;0;0;0;0.59409;0
7160;0;0;0;0.36958;0
7159;0;0;0;0.3083;0
7158;1;8254;8255;0.16653;3
7157;0;0;0;0.37996;0
7156;0;0;0;0.67317;0
7155;0;0;0;0.21069;0
7154;0;0;0;0.45874;0
7153;1;8252;8253;0.050317;10
7152;1;8250;8251;0.34225;4
7151;0;0;0;0.051239;0
7150;0;0;0;0.37501;0
7149;1;8248;8249;0.95814;6
7148;0;0;0;0.098755;0
7147;1;8246;8247;0.83786;8
7146;1;8244;8245;0.89002;6
7145;0;0;0;0.37742;0
7144;0;0;0;0.11615;0
7143;0;0;0;0.86117;0
7142;0;0;0;0.52487;0
7141;0;0;0;0.51282;0
7140;1;8242;8243;0.091993;12
7139;1;8240;8241;0.47074;5
7138;0;0;0;0.58308;0
7137;0;0;0;0.42057;0
7136;0;0;0;0.13339;0
7135;0;0;0;0.56029;0
7134;0;0;0;0.38706;0
7133;0;0;0;0.40019;0
7132;0;0;0;0.40017;0
7131;0;0;0;0.60674;0
7130;0;0;0;0.64236;0
7129;1;8238;8239;0.21092;10
7128;0;0;0;0.47546;0
7127;0;0;0;0.19548;0
7126;0;0;0;0.56706;0
7125;0;0;0;0.41998;0
7124;0;0;0;0.15139;0
7123;0;0;0;0.48205;0
7122;1;8236;8237;0.076945;7
7121;1;8234;8235;0.23269;5
7120;0;0;0;0.18414;0
7119;0;0;0;0.12921;0
7118;1;8232;8233;0.50106;2
7117;0;0;0;0.55547;0
7116;0;0;0;0.27701;0
7115;0;0;0;0.32377;0
7114;0;0;0;0.56721;0
7113;0;0;0;0.43228;0
7112;0;0;0;0.16249;0
7111;0;0;0;0.73045;0
7110;1;8230;8231;0.89357;1
7109;0;0;0;0.86744;0
7108;1;8228;8229;0.34924;6
7107;1;8226;8227;0.82651;4
7106;1;8224;8225;0.61682;4
7105;0;0;0;0.13201;0
7104;1;8222;8223;0.78817;8
7103;0;0;0;0.67956;0
7102;0;0;0;0.46171;0
7101;0;0;0;0.21288;0
7100;1;8220;8221;0.83319;1
7099;0;0;0;0.27097;0
7098;0;0;0;0.45166;0
7097;0;0;0;0.57706;0
7096;0;0;0;0.48525;0
7095;0;0;0;0.50445;0
7094;0;0;0;0.14367;0
7093;1;8218;8219;0.80493;2
7092;1;8216;8217;0.9846;4
7091;0;0;0;0.24409;0
7090;1;8214;8215;0.40849;9
7089;0;0;0;0.10933;0
7088;1;8212;8213;0.95191;1
7087;0;0;0;0.35157;0
7086;0;0;0;0.55888;0
7085;0;0;0;0.67157;0
7084;0;0;0;0.46098;0
7083;0;0;0;0.21498;0
7082;0;0;0;0.37425;0
7081;0;0;0;0.44248;0
7080;1;8210;8211;0.11508;5
7079;1;8208;8209;0.15115;10
7078;0;0;0;0.89847;0
7077;1;8206;8207;0.049363;3
7076;0;0;0;0.56134;0
7075;0;0;0;0.76323;0
7074;1;8204;8205;0.95553;1
7073;0;0;0;0.06557;0
7072;0;0;0;0.26631;0
7071;0;0;0;0.15771;0
7070;1;8202;8203;0.15795;10
7069;0;0;0;0.54161;0
7068;1;8200;8201;0.25966;9
7067;0;0;0;0.39986;0
7066;1;8198;8199;0.69645;3
7065;0;0;0;0.97017;0
7064;0;0;0;0.41731;0
7063;0;0;0;0.46925;0
7062;0;0;0;0.060764;0
7061;0;0;0;0.18861;0
7060;0;0;0;0.83843;0
7059;0;0;0;0.33927;0
7058;0;0;0;0.56437;0
7057;1;8196;8197;0.17457;10
7056;0;0;0;0.089359;0
7055;1;8194;8195;0.54981;8
7054;0;0;0;0.84095;0
7053;1;8192;8193;0.17516;3
7052;0;0;0;0.35791;0
7051;0;0;0;0.078179;0
7050;0;0;0;0.38293;0
7049;0;0;0;0.40326;0
7048;0;0;0;0.18444;0
7047;1;8190;8191;0.82076;5
7046;1;8188;8189;0.60055;8
7045;0;0;0;0.35697;0
7044;0;0;0;0.25799;0
7043;0;0;0;0.19203;0
7042;0;0;0;0.11326;0
7041;1;8186;8187;0.58256;5
7040;1;8184;8185;0.33416;9
7039;0;0;0;0.54861;0
7038;1;8182;8183;0.33862;3
7037;1;8180;8181;0.023877;7
7036;0;0;0;0.11168;0
7035;0;0;0;0.25438;0
7034;0;0;0;0.027771;0
7033;0;0;0;0.13639;0
7032;1;8178;8179;0.63583;8
7031;0;0;0;0.57111;0
7030;1;8176;8177;0.90477;6
7029;1;8174;8175;0.86422;4
7028;0;0;0;0.26792;0
7027;1;8172;8173;0.2073;3
7026;0;0;0;0.09376;0
7025;0;0;0;0.074931;0
7024;0;0;0;0.28878;0
7023;0;0;0;0.69729;0
7022;1;8170;8171;0.36142;9
7021;0;0;0;0.71994;0
7020;0;0;0;0.37219;0
7019;0;0;0;0.095982;0
7018;0;0;0;0.76958;0
7017;1;8168;8169;0.56839;2
7016;1;8166;8167;0.26871;2
7015;1;8164;8165;0.05943;9
7014;0;0;0;0.5219;0
7013;0;0;0;0.046462;0
7012;1;8162;8163;0.45818;1
7011;0;0;0;0.39533;0
7010;0;0;0;0.091569;0
7009;0;0;0;0.8367;0
7008;1;8160;8161;0.47293;3
7007;1;8158;8159;0.63542;9
7006;0;0;0;0.26172;0
7005;0;0;0;0.16585;0
7004;1;8156;8157;0.9515;4
7003;1;8154;8155;0.26151;12
7002;0;0;0;0.77729;0
7001;1;8152;8153;0.31295;5
7000;1;8150;8151;0.24147;3
6999;0;0;0;0.26131;0
6998;1;8148;8149;0.31264;5
6997;1;8146;8147;0.39818;5
6996;0;0;0;0.14674;0
6995;0;0;0;0.42746;0
6994;1;8144;8145;0.44122;9
6993;1;8142;8143;0.90879;2
6992;0;0;0;0.16212;0
6991;0;0;0;0.11406;0
6990;1;8140;8141;0.97095;4
6989;1;8138;8139;0.83471;2
6988;0;0;0;0.19603;0
6987;1;8136;8137;0.83722;7
6986;0;0;0;0.057907;0
6985;0;0;0;0.49406;0
6984;0;0;0;0.34746;0
6983;1;8134;8135;0.92179;1
6982;0;0;0;0.16962;0
6981;0;0;0;0.060115;0
6980;0;0;0;0.28404;0
6979;1;8132;8133;0.99998;10
6978;1;8130;8131;0.97728;12
6977;0;0;0;0.19628;0
6976;1;8128;8129;0.82905;10
6975;1;8126;8127;0.46583;3
6974;0;0;0;0.79033;0
6973;1;8124;8125;0.28685;3
6972;0;0;0;0.083351;0
6971;1;8122;8123;0.56775;12
6970;1;8120;8121;0.72122;7
6969;1;8118;8119;0.5179;3
6968;1;8116;8117;0.70014;4
6967;1;8114;8115;0.76998;7
6966;0;0;0;0.10446;0
6965;0;0;0;0.11975;0
6964;1;8112;8113;0.49182;11
6963;1;8110;8111;0.36762;9
6962;1;8108;8109;0.27725;12
6961;0;0;0;0.24391;0
6960;1;8106;8107;0.54094;2
6959;1;8104;8105;0.81279;4
6958;1;8102;8103;0.87303;6
6957;1;8100;8101;0.5843;1
6956;1;8098;8099;0.0050943;7
6955;1;8096;8097;0.76201;1
6954;1;8094;8095;0.17838;2
6953;0;0;0;0.73418;0
6952;0;0;0;0.086793;0
6951;0;0;0;0.27498;0
6950;0;0;0;0.85778;0
6949;0;0;0;0.37875;0
6948;1;8092;8093;0.65956;1
6947;0;0;0;0.063097;0
6946;0;0;0;0.55408;0
6945;1;8090;8091;0.64231;3
6944;1;8088;8089;0.11007;12
6943;1;8086;8087;0.88191;11
6942;1;8084;8085;0.80502;3
6941;1;8082;8083;0.20357;8
6940;1;8080;8081;0.32981;7
6939;0;0;0;0.80406;0
6938;1;8078;8079;0.11341;9
6937;1;8076;8077;0.53923;12
6936;0;0;0;0.83607;0
6935;1;8074;8075;0.62743;8
6934;1;8072;8073;0.99722;2
6933;1;8070;8071;0.4115;8
6932;1;8068;8069;0.21912;7
6931;0;0;0;0.36579;0
6930;0;0;0;0.59687;0
6929;0;0;0;0.39802;0
6928;0;0;0;0.1187;0
6927;1;8066;8067;0.019854;5
6926;0;0;0;0.19464;0
6925;1;8064;8065;0.87979;9
6924;1;8062;8063;0.035243;5
6923;1;8060;8061;0.20628;3
6922;1;8058;8059;0.10247;5
6921;1;8056;8057;0.63995;3
6920;0;0;0;0.088237;0
6919;0;0;0;0.13877;0
6918;0;0;0;0.65947;0
6917;1;8054;8055;0.40051;3
6916;1;8052;8053;0.54324;10
6915;1;8050;8051;0.85923;4
6914;1;8048;8049;0.30943;8
6913;0;0;0;0.71028;0
6912;0;0;0;0.83165;0
6911;1;8046;8047;0.97002;10
6910;1;8044;8045;0.70927;4
6909;0;0;0;0.77222;0
6908;1;8042;8043;0.94426;1
6907;0;0;0;0.83121;0
6906;1;8040;8041;0.42841;11
6905;1;8038;8039;0.43414;9
6904;0;0;0;0.57034;0
6903;1;8036;8037;0.94563;10
6902;0;0;0;0.91118;0
6901;1;8034;8035;0.83298;4
6900;1;8032;8033;0.98969;11
6899;1;8030;8031;0.057096;5
6898;0;0;0;0.2812;0
6897;0;0;0;0.56454;0
6896;0;0;0;0.74828;0
6895;0;0;0;0.51338;0
6894;0;0;0;0.32964;0
6893;1;8028;8029;0.59159;2
6892;1;8026;8027;0.16782;8
6891;0;0;0;0.6983;0
6890;1;8024;8025;0.6726;10
6889;0;0;0;0.29744;0
6888;1;8022;8023;0.040233;12
6887;0;0;0;0.89131;0
6886;0;0;0;0.49962;0
6885;1;8020;8021;0.13802;8
6884;1;8018;8019;0.089365;7
6883;1;8016;8017;0.95666;11
6882;0;0;0;0.14434;0
6881;1;8014;8015;0.98346;10
6880;0;0;0;0.25791;0
6879;0;0;0;0.60389;0
6878;1;8012;8013;0.58176;8
6877;0;0;0;0.12144;0
6876;0;0;0;0.32452;0
6875;0;0;0;0.40336;0
6874;0;0;0;0.57944;0
6873;1;8010;8011;0.67559;8
6872;1;8008;8009;0.74957;1
6871;1;8006;8007;0.99146;2
6870;0;0;0;0.17592;0
6869;0;0;0;0.48167;0
6868;1;8004;8005;0.95545;4
6867;0;0;0;0.60376;0
6866;0;0;0;0.38754;0
6865;0;0;0;0.35434;0
6864;0;0;0;0.14492;0
6863;1;8002;8003;0.20361;8
6862;1;8000;8001;0.22084;8
6861;0;0;0;0.48239;0
6860;0;0;0;0.047939;0
6859;0;0;0;0.45061;0
6858;0;0;0;0.1572;0
6857;0;0;0;0.36663;0
6856;1;7998;7999;0.040567;8
6855;0;0;0;0.3452;0
6854;0;0;0;0.17946;0
6853;1;7996;7997;0.7176;11
6852;0;0;0;0.60753;0
6851;0;0;0;0.55188;0
6850;0;0;0;0.44802;0
6849;0;0;0;0.76893;0
6848;0;0;0;0.41128;0
6847;0;0;0;0.75018;0
6846;1;7994;7995;0.0011474;5
6845;0;0;0;0.73812;0
6844;1;7992;7993;0.63323;12
6843;1;7990;7991;0.97837;10
6842;1;7988;7989;0.27937;12
6841;0;0;0;0.6997;0
6840;0;0;0;0.19881;0
6839;0;0;0;0.61857;0
6838;0;0;0;0.093065;0
6837;1;7986;7987;0.0024411;5
6836;0;0;0;0.0989;0
6835;1;7984;7985;0.52576;8
6834;1;7982;7983;0.46306;3
6833;0;0;0;0.67304;0
6832;0;0;0;0.85401;0
6831;0;0;0;0.36989;0
6830;0;0;0;0.54759;0
6829;0;0;0;0.73963;0
6828;0;0;0;0.16498;0
6827;1;7980;7981;0.74731;1
6826;0;0;0;0.65383;0
6825;1;7978;7979;0.62911;10
6824;0;0;0;0.7653;0
6823;0;0;0;0.83343;0
6822;0;0;0;0.51547;0
6821;0;0;0;0.29428;0
6820;1;7976;7977;0.85519;1
6819;0;0;0;0.16784;0
6818;1;7974;7975;0.47038;10
6817;0;0;0;0.24209;0
6816;0;0;0;0.72136;0
6815;1;7972;7973;0.99717;2
6814;1;7970;7971;0.0043248;5
6813;1;7968;7969;0.59929;10
6812;0;0;0;0.14497;0
6811;0;0;0;0.7799;0
6810;0;0;0;0.43004;0
6809;0;0;0;0.68877;0
6808;1;7966;7967;0.8508;11
6807;1;7964;7965;0.8501;4
6806;0;0;0;0.47042;0
6805;0;0;0;0.10387;0
6804;0;0;0;0.47638;0
6803;1;7962;7963;0.77942;3
6802;0;0;0;0.21169;0
6801;0;0;0;0.6997;0
6800;0;0;0;0.2369;0
6799;0;0;0;0.16409;0
6798;0;0;0;0.43266;0
6797;1;7960;7961;0.67034;8
6796;0;0;0;0.14639;0
6795;1;7958;7959;0.66178;8
6794;1;7956;7957;0.24833;12
6793;0;0;0;0.15883;0
6792;0;0;0;0.32364;0
6791;0;0;0;0.3152;0
6790;1;7954;7955;0.1129;10
6789;1;7952;7953;0.42291;8
6788;1;7950;7951;0.35583;8
6787;1;7948;7949;0.14757;10
6786;1;7946;7947;0.81092;7
6785;0;0;0;0.16249;0
6784;1;7944;7945;0.62777;4
6783;0;0;0;0.12048;0
6782;0;0;0;0.35277;0
6781;0;0;0;0.11094;0
6780;1;7942;7943;0.2545;10
6779;1;7940;7941;0.79784;11
6778;0;0;0;0.82849;0
6777;0;0;0;0.082519;0
6776;1;7938;7939;0.095166;10
6775;1;7936;7937;0.5758;11
6774;0;0;0;0.56455;0
6773;1;7934;7935;0.58862;7
6772;0;0;0;0.01835;0
6771;0;0;0;0.25975;0
6770;1;7932;7933;0.98658;6
6769;0;0;0;0.34662;0
6768;0;0;0;0.15544;0
6767;1;7930;7931;0.5843;4
6766;1;7928;7929;0.83765;12
6765;0;0;0;0.63189;0
6764;0;0;0;0.40425;0
6763;0;0;0;0.34272;0
6762;0;0;0;0.19597;0
6761;0;0;0;0.21226;0
6760;0;0;0;0.48989;0
6759;0;0;0;0.49684;0
6758;0;0;0;0.18829;0
6757;0;0;0;0.45391;0
6756;0;0;0;0.28666;0
6755;0;0;0;0.47296;0
6754;0;0;0;0.22373;0
6753;1;7926;7927;0.99917;4
6752;1;7924;7925;0.1322;10
6751;0;0;0;0.40933;0
6750;1;7922;7923;0.088347;5
6749;0;0;0;0.48481;0
6748;0;0;0;0.014282;0
6747;1;7920;7921;0.031532;6
6746;1;7918;7919;0.13843;9
6745;1;7916;7917;0.95025;4
6744;0;0;0;0.18468;0
6743;1;7914;7915;0.84725;11
6742;0;0;0;0.35703;0
6741;1;7912;7913;0.11964;12
6740;1;7910;7911;0.33394;6
6739;1;7908;7909;0.25277;2
6738;0;0;0;0.57539;0
6737;1;7906;7907;0.18103;10
6736;1;7904;7905;0.13139;5
6735;1;7902;7903;0.50815;3
6734;0;0;0;0.43887;0
6733;0;0;0;0.82674;0
6732;0;0;0;0.27307;0
6731;1;7900;7901;0.27853;8
6730;0;0;0;0.69291;0
6729;0;0;0;0.27662;0
6728;0;0;0;0.063533;0
6727;1;7898;7899;0.099705;3
6726;1;7896;7897;0.46046;2
6725;0;0;0;0.25095;0
6724;0;0;0;0.041195;0
6723;1;7894;7895;0.79289;12
6722;0;0;0;0.063302;0
6721;0;0;0;0.48814;0
6720;0;0;0;0.18229;0
6719;0;0;0;0.34893;0
6718;0;0;0;0.049318;0
6717;0;0;0;0.34119;0
6716;1;7892;7893;0.26174;9
6715;0;0;0;0.077466;0
6714;1;7890;7891;0.15687;12
6713;1;7888;7889;0.46824;2
6712;1;7886;7887;0.43512;8
6711;0;0;0;0.18472;0
6710;1;7884;7885;0.235;6
6709;1;7882;7883;0.20587;10
6708;0;0;0;0.46025;0
6707;0;0;0;0.39411;0
6706;0;0;0;0.079263;0
6705;0;0;0;0.17415;0
6704;0;0;0;0.44272;0
6703;0;0;0;0.29474;0
6702;1;7880;7881;0.83903;6
6701;0;0;0;0.2495;0
6700;0;0;0;0.10031;0
6699;0;0;0;0.55424;0
6698;1;7878;7879;0.38196;8
6697;1;7876;7877;0.76607;11
6696;0;0;0;0.32708;0
6695;0;0;0;0.95068;0
6694;0;0;0;0.72545;0
6693;1;7874;7875;0.66514;8
6692;0;0;0;0.72694;0
6691;0;0;0;0.80547;0
6690;0;0;0;0.61886;0
6689;0;0;0;0.83905;0
6688;0;0;0;0.5814;0
6687;0;0;0;0.67149;0
6686;1;7872;7873;0.17224;10
6685;0;0;0;0.78629;0
6684;1;7870;7871;0.5388;4
6683;1;7868;7869;0.9487;1
6682;1;7866;7867;0.294;10
6681;1;7864;7865;0.55835;3
6680;1;7862;7863;0.50204;2
6679;1;7860;7861;0.025685;9
6678;0;0;0;0.22336;0
6677;0;0;0;0.59519;0
6676;0;0;0;0.88339;0
6675;0;0;0;0.58032;0
6674;0;0;0;0.028564;0
6673;1;7858;7859;0.26692;8
6672;0;0;0;0.58166;0
6671;1;7856;7857;0.57835;4
6670;1;7854;7855;0.49248;4
6669;0;0;0;0.35457;0
6668;0;0;0;0.60236;0
6667;1;7852;7853;0.42134;4
6666;1;7850;7851;0.15607;9
6665;0;0;0;0.082288;0
6664;1;7848;7849;0.52453;4
6663;0;0;0;0.75819;0
6662;1;7846;7847;0.36178;4
6661;0;0;0;0.5737;0
6660;0;0;0;0.82664;0
6659;1;7844;7845;0.10453;10
6658;0;0;0;0.28195;0
6657;0;0;0;0.46864;0
6656;0;0;0;0.68504;0
6655;0;0;0;0.21131;0
6654;0;0;0;0.39137;0
6653;0;0;0;0.50132;0
6652;0;0;0;0.76159;0
6651;0;0;0;0.84291;0
6650;1;7842;7843;0.29679;2
6649;0;0;0;0.36914;0
6648;0;0;0;0.13072;0
6647;0;0;0;0.2059;0
6646;1;7840;7841;0.88613;6
6645;0;0;0;0.48867;0
6644;0;0;0;0.7469;0
6643;0;0;0;0.35452;0
6642;0;0;0;0.55351;0
6641;1;7838;7839;0.71778;2
6640;0;0;0;0.84139;0
6639;0;0;0;0.56631;0
6638;0;0;0;0.72054;0
6637;1;7836;7837;0.57999;1
6636;0;0;0;0.82531;0
6635;0;0;0;0.075749;0
6634;0;0;0;0.472;0
6633;0;0;0;0.42096;0
6632;0;0;0;0.16937;0
6631;1;7834;7835;0.85094;12
6630;0;0;0;0.25871;0
6629;0;0;0;0.035706;0
6628;1;7832;7833;0.84889;3
6627;1;7830;7831;0.0027395;9
6626;1;7828;7829;0.032828;9
6625;1;7826;7827;0.66528;6
6624;1;7824;7825;0.54095;4
6623;1;7822;7823;0.08772;2
6622;0;0;0;0.14591;0
6621;0;0;0;0.34991;0
6620;1;7820;7821;0.21819;3
6619;1;7818;7819;0.57966;2
6618;1;7816;7817;0.0061839;12
6617;0;0;0;0.71357;0
6616;0;0;0;0.86225;0
6615;0;0;0;0.1437;0
6614;1;7814;7815;0.92375;4
6613;1;7812;7813;0.98613;4
6612;1;7810;7811;0.27206;5
6611;0;0;0;0.50411;0
6610;0;0;0;0.09484;0
6609;1;7808;7809;0.35323;10
6608;0;0;0;0.14766;0
6607;0;0;0;0.48693;0
6606;1;7806;7807;0.17068;5
6605;1;7804;7805;0.0341;5
6604;0;0;0;0.28591;0
6603;0;0;0;0.49126;0
6602;1;7802;7803;0.52996;11
6601;0;0;0;0.77016;0
6600;1;7800;7801;0.59583;8
6599;1;7798;7799;0.63367;1
6598;1;7796;7797;0.015449;3
6597;1;7794;7795;0.43197;10
6596;1;7792;7793;0.2952;3
6595;0;0;0;0.51932;0
6594;0;0;0;0.40016;0
6593;0;0;0;0.10007;0
6592;1;7790;7791;0.73814;9
6591;0;0;0;0.39561;0
6590;1;7788;7789;0.3173;8
6589;0;0;0;0.54654;0
6588;1;7786;7787;0.68919;1
6587;0;0;0;0.84563;0
6586;1;7784;7785;0.46124;8
6585;1;7782;7783;0.11279;12
6584;0;0;0;0.19844;0
6583;0;0;0;0.52537;0
6582;0;0;0;0.19181;0
6581;0;0;0;0.7276;0
6580;0;0;0;0.50013;0
6579;0;0;0;0.21761;0
6578;1;7780;7781;0.67403;3
6577;1;7778;7779;0.55712;12
6576;0;0;0;0.65022;0
6575;0;0;0;0.67447;0
6574;1;7776;7777;0.1628;8
6573;0;0;0;0.35291;0
6572;0;0;0;0.71354;0
6571;0;0;0;0.37349;0
6570;0;0;0;0.79061;0
6569;0;0;0;0.8264;0
6568;1;7774;7775;0.45445;8
6567;0;0;0;0.14852;0
6566;0;0;0;0.38338;0
6565;0;0;0;0.74675;0
6564;1;7772;7773;0.67903;6
6563;0;0;0;0.75127;0
6562;0;0;0;0.6158;0
6561;0;0;0;0.46898;0
6560;0;0;0;0.25267;0
6559;0;0;0;0.10322;0
6558;1;7770;7771;0.54139;4
6557;1;7768;7769;0.16536;3
6556;0;0;0;0.32142;0
6555;0;0;0;0.86797;0
6554;1;7766;7767;0.91286;8
6553;1;7764;7765;0.67621;1
6552;1;7762;7763;0.62987;12
6551;0;0;0;0.76867;0
6550;0;0;0;0.48195;0
6549;1;7760;7761;0.086645;5
6548;1;7758;7759;0.056025;3
6547;1;7756;7757;0.23503;5
6546;1;7754;7755;0.68574;4
6545;1;7752;7753;0.75679;9
6544;1;7750;7751;0.70366;1
6543;1;7748;7749;0.88719;10
6542;1;7746;7747;0.36219;4
6541;1;7744;7745;0.54639;8
6540;0;0;0;0.97701;0
6539;1;7742;7743;0.30733;10
6538;1;7740;7741;0.52647;8
6537;1;7738;7739;0.44375;12
6536;1;7736;7737;0.99685;1
6535;0;0;0;0.83999;0
6534;0;0;0;0.66287;0
6533;0;0;0;0.15073;0
6532;1;7734;7735;0.4511;4
6531;1;7732;7733;0.33852;8
6530;0;0;0;0.075965;0
6529;1;7730;7731;0.93346;3
6528;1;7728;7729;0.32422;10
6527;0;0;0;0.7143;0
6526;0;0;0;0.37728;0
6525;0;0;0;0.031651;0
6524;1;7726;7727;0.89167;6
6523;0;0;0;0.047784;0
6522;1;7724;7725;0.027817;11
6521;1;7722;7723;0.62641;1
6520;1;7720;7721;0.61189;7
6519;0;0;0;0.8425;0
6518;0;0;0;0.54169;0
6517;0;0;0;0.27832;0
6516;0;0;0;0.062118;0
6515;1;7718;7719;0.98119;10
6514;1;7716;7717;0.93382;7
6513;1;7714;7715;0.29543;10
6512;0;0;0;0.5258;0
6511;0;0;0;0.82745;0
6510;1;7712;7713;0.56412;8
6509;0;0;0;0.030903;0
6508;0;0;0;0.40809;0
6507;1;7710;7711;0.9683;4
6506;0;0;0;0.40705;0
6505;0;0;0;0.2851;0
6504;1;7708;7709;0.93179;6
6503;0;0;0;0.4101;0
6502;0;0;0;0.7224;0
6501;0;0;0;0.4491;0
6500;0;0;0;0.75496;0
6499;0;0;0;0.15481;0
6498;0;0;0;0.49979;0
6497;1;7706;7707;0.82005;1
6496;1;7704;7705;0.054441;2
6495;0;0;0;0.090102;0
6494;1;7702;7703;0.76163;4
6493;1;7700;7701;0.20663;2
6492;0;0;0;0.10816;0
6491;0;0;0;0.76122;0
6490;0;0;0;0.31938;0
6489;1;7698;7699;0.1088;2
6488;0;0;0;0.43781;0
6487;1;7696;7697;0.3329;4
6486;1;7694;7695;0.24162;10
6485;0;0;0;0.090601;0
6484;1;7692;7693;0.64067;10
6483;1;7690;7691;0.40859;8
6482;0;0;0;0.42336;0
6481;1;7688;7689;0.63096;4
6480;1;7686;7687;0.77237;8
6479;1;7684;7685;0.30999;12
6478;0;0;0;0.13767;0
6477;0;0;0;0.57679;0
6476;0;0;0;0.7522;0
6475;1;7682;7683;0.88162;8
6474;1;7680;7681;0.88167;6
6473;1;7678;7679;0.98648;3
6472;1;7676;7677;0.093856;2
6471;1;7674;7675;0.60651;4
6470;1;7672;7673;0.038761;9
6469;1;7670;7671;0.066425;9
6468;1;7668;7669;0.70129;9
6467;1;7666;7667;0.72853;12
6466;1;7664;7665;0.52538;12
6465;1;7662;7663;0.94114;7
6464;1;7660;7661;0.96455;7
6463;0;0;0;0.56163;0
6462;1;7658;7659;0.57381;2
6461;0;0;0;0.74637;0
6460;1;7656;7657;0.98566;7
6459;0;0;0;0.365;0
6458;0;0;0;0.16833;0
6457;1;7654;7655;0.9283;9
6456;1;7652;7653;0.92863;6
6455;1;7650;7651;0.75919;4
6454;0;0;0;0.18592;0
6453;1;7648;7649;0.42215;2
6452;1;7646;7647;0.69709;4
6451;1;7644;7645;0.069196;2
6450;0;0;0;0.045208;0
6449;0;0;0;0.67461;0
6448;1;7642;7643;0.50082;1
6447;1;7640;7641;0.32633;12
6446;1;7638;7639;0.11917;11
6445;1;7636;7637;0.94262;8
6444;1;7634;7635;0.28074;8
6443;1;7632;7633;0.79958;9
6442;1;7630;7631;0.56511;8
6441;1;7628;7629;0.74843;12
6440;1;7626;7627;0.092975;3
6439;0;0;0;0.31294;0
6438;0;0;0;0.71616;0
6437;1;7624;7625;0.041149;12
6436;1;7622;7623;0.65625;9
6435;1;7620;7621;0.1657;12
6434;0;0;0;0.389;0
6433;1;7618;7619;0.039409;2
6432;0;0;0;0.55416;0
6431;0;0;0;0.37887;0
6430;0;0;0;0.62819;0
6429;0;0;0;0.089241;0
6428;1;7616;7617;0.36318;5
6427;1;7614;7615;0.57141;8
6426;0;0;0;0.65063;0
6425;1;7612;7613;0.022048;5
6424;1;7610;7611;0.98958;6
6423;1;7608;7609;0.94305;7
6422;1;7606;7607;0.0026988;11
6421;0;0;0;0.08455;0
6420;1;7604;7605;0.90837;7
6419;0;0;0;0.84971;0
6418;0;0;0;0.46202;0
6417;1;7602;7603;0.12012;10
6416;0;0;0;0.34756;0
6415;0;0;0;0.040036;0
6414;1;7600;7601;0.56242;7
6413;1;7598;7599;0.89756;6
6412;1;7596;7597;0.603;7
6411;0;0;0;0.81662;0
6410;0;0;0;0.0050234;0
6409;0;0;0;0.091471;0
6408;0;0;0;0.48146;0
6407;1;7594;7595;0.030169;11
6406;1;7592;7593;0.040461;5
6405;0;0;0;0.10066;0
6404;1;7590;7591;0.37479;2
6403;1;7588;7589;0.74013;3
6402;1;7586;7587;0.33827;6
6401;1;7584;7585;0.99342;4
6400;1;7582;7583;0.14081;11
6399;1;7580;7581;0.21851;2
6398;1;7578;7579;0.66255;12
6397;0;0;0;0.7407;0
6396;1;7576;7577;0.37986;2
6395;0;0;0;0.74027;0
6394;1;7574;7575;0.87615;8
6393;0;0;0;0.30819;0
6392;1;7572;7573;0.70369;3
6391;0;0;0;0.055184;0
6390;0;0;0;0.18962;0
6389;0;0;0;0.29784;0
6388;0;0;0;0.59625;0
6387;1;7570;7571;0.84965;3
6386;0;0;0;0.089944;0
6385;1;7568;7569;0.55062;5
6384;0;0;0;0.53808;0
6383;1;7566;7567;0.011435;5
6382;0;0;0;0.68599;0
6381;0;0;0;0.76483;0
6380;0;0;0;0.57832;0
6379;1;7564;7565;0.94381;4
6378;1;7562;7563;0.13205;11
6377;0;0;0;0.12359;0
6376;1;7560;7561;0.051808;11
6375;1;7558;7559;0.44525;2
6374;0;0;0;0.18573;0
6373;0;0;0;0.66746;0
6372;1;7556;7557;0.66964;10
6371;1;7554;7555;0.21556;6
6370;1;7552;7553;0.9274;4
6369;0;0;0;0.028581;0
6368;1;7550;7551;0.45722;3
6367;1;7548;7549;0.15817;12
6366;0;0;0;0.12704;0
6365;1;7546;7547;0.39653;6
6364;1;7544;7545;0.91661;1
6363;1;7542;7543;0.0074538;3
6362;1;7540;7541;0.0085164;5
6361;1;7538;7539;0.17091;3
6360;1;7536;7537;0.0032701;12
6359;0;0;0;0.78077;0
6358;1;7534;7535;0.68147;8
6357;1;7532;7533;0.49165;8
6356;1;7530;7531;0.87223;8
6355;1;7528;7529;0.53328;5
6354;1;7526;7527;0.087433;10
6353;1;7524;7525;0.52039;12
6352;1;7522;7523;0.23891;10
6351;1;7520;7521;0.74869;2
6350;1;7518;7519;0.77119;2
6349;1;7516;7517;0.51061;2
6348;1;7514;7515;0.10122;7
6347;0;0;0;0.85441;0
6346;1;7512;7513;0.17587;5
6345;1;7510;7511;0.792;4
6344;1;7508;7509;0.80112;8
6343;1;7506;7507;0.99783;9
6342;0;0;0;0.37735;0
6341;1;7504;7505;0.17464;3
6340;1;7502;7503;0.42574;1
6339;1;7500;7501;0.52596;6
6338;1;7498;7499;0.41792;1
6337;1;7496;7497;0.013315;5
6336;0;0;0;0.24414;0
6335;1;7494;7495;0.014893;5
6334;1;7492;7493;0.36961;2
6333;0;0;0;0.12373;0
6332;0;0;0;0.80257;0
6331;0;0;0;0.49119;0
6330;1;7490;7491;0.95682;4
6329;0;0;0;0.2778;0
6328;0;0;0;9.8419e-05;0
6327;0;0;0;0.69246;0
6326;0;0;0;0.42636;0
6325;0;0;0;0.36798;0
6324;0;0;0;0.20177;0
6323;1;7488;7489;0.22694;5
6322;1;7486;7487;0.59116;4
6321;1;7484;7485;0.070236;2
6320;1;7482;7483;0.34369;1
6319;0;0;0;0.13019;0
6318;1;7480;7481;0.5236;2
6317;1;7478;7479;0.081188;2
6316;1;7476;7477;0.8958;4
6315;1;7474;7475;0.74757;4
6314;1;7472;7473;0.096751;10
6313;0;0;0;0.75629;0
6312;1;7470;7471;0.40709;2
6311;1;7468;7469;0.14181;11
6310;1;7466;7467;0.52962;10
6309;0;0;0;0.45396;0
6308;0;0;0;0.061956;0
6307;0;0;0;0.23192;0
6306;0;0;0;0.53299;0
6305;0;0;0;0.12754;0
6304;0;0;0;0.37245;0
6303;1;7464;7465;0.92126;6
6302;1;7462;7463;0.6694;2
6301;1;7460;7461;0.98606;7
6300;1;7458;7459;0.027331;11
6299;1;7456;7457;0.84571;7
6298;0;0;0;0.89346;0
6297;1;7454;7455;0.00081805;5
6296;1;7452;7453;0.80388;6
6295;1;7450;7451;0.64232;3
6294;1;7448;7449;0.43362;8
6293;1;7446;7447;0.024171;11
6292;1;7444;7445;0.0015751;5
6291;0;0;0;0.85518;0
6290;1;7442;7443;0.14391;9
6289;0;0;0;0.017853;0
6288;0;0;0;0.70495;0
6287;1;7440;7441;0.62384;4
6286;0;0;0;0.95008;0
6285;1;7438;7439;0.13831;11
6284;1;7436;7437;0.92989;2
6283;0;0;0;0.57531;0
6282;0;0;0;0.16894;0
6281;0;0;0;0.24561;0
6280;0;0;0;0.6718;0
6279;1;7434;7435;0.15928;11
6278;1;7432;7433;0.57923;8
6277;1;7430;7431;0.0042021;5
6276;0;0;0;0.17312;0
6275;0;0;0;0.53221;0
6274;0;0;0;0.2214;0
6273;0;0;0;0.64639;0
6272;0;0;0;0.762;0
6271;1;7428;7429;0.95118;6
6270;1;7426;7427;0.97111;7
6269;0;0;0;0.10551;0
6268;1;7424;7425;0.98846;7
6267;1;7422;7423;0.70776;3
6266;1;7420;7421;0.032864;11
6265;1;7418;7419;0.52896;8
6264;0;0;0;0.83454;0
6263;1;7416;7417;0.64519;8
6262;1;7414;7415;0.25633;12
6261;0;0;0;0.24769;0
6260;1;7412;7413;0.8659;8
6259;1;7410;7411;0.91837;2
6258;1;7408;7409;0.70889;12
6257;1;7406;7407;0.65514;6
6256;1;7404;7405;0.54858;8
6255;0;0;0;0.12169;0
6254;1;7402;7403;0.72973;4
6253;1;7400;7401;0.12818;11
6252;0;0;0;0.41943;0
6251;1;7398;7399;0.13309;10
6250;0;0;0;0.074856;0
6249;0;0;0;0.82509;0
6248;1;7396;7397;0.43752;12
6247;1;7394;7395;0.35836;6
6246;1;7392;7393;0.98775;4
6245;0;0;0;0.19352;0
6244;0;0;0;0.54138;0
6243;0;0;0;0.54672;0
6242;0;0;0;0.85378;0
6241;1;7390;7391;0.078182;2
6240;1;7388;7389;0.67799;3
6239;1;7386;7387;0.65491;4
6238;0;0;0;0.089161;0
6237;1;7384;7385;0.003766;5
6236;0;0;0;0.22043;0
6235;0;0;0;0.22116;0
6234;0;0;0;0.60342;0
6233;0;0;0;0.46597;0
6232;1;7382;7383;0.38154;4
6231;0;0;0;0.128;0
6230;0;0;0;0.51244;0
6229;1;7380;7381;0.035031;9
6228;1;7378;7379;0.43202;2
6227;0;0;0;0.97938;0
6226;0;0;0;0.67658;0
6225;1;7376;7377;0.47063;3
6224;0;0;0;0.59062;0
6223;1;7374;7375;0.95886;6
6222;0;0;0;0.15912;0
6221;1;7372;7373;0.86447;2
6220;1;7370;7371;0.77827;1
6219;0;0;0;0.57389;0
6218;0;0;0;0.099673;0
6217;0;0;0;0.49997;0
6216;0;0;0;0.063471;0
6215;1;7368;7369;0.94304;12
6214;0;0;0;0.77441;0
6213;0;0;0;0.68602;0
6212;0;0;0;0.3441;0
6211;1;7366;7367;0.49225;8
6210;0;0;0;0.06003;0
6209;1;7364;7365;0.0049705;5
6208;0;0;0;0.3182;0
6207;0;0;0;0.3879;0
6206;0;0;0;0.1016;0
6205;0;0;0;0.6026;0
6204;0;0;0;0.9137;0
6203;1;7362;7363;0.044426;9
6202;0;0;0;0.063602;0
6201;0;0;0;0.83017;0
6200;1;7360;7361;0.11085;11
6199;0;0;0;0.42737;0
6198;0;0;0;0.70966;0
6197;1;7358;7359;0.92809;7
6196;0;0;0;0.89524;0
6195;0;0;0;0.08917;0
6194;1;7356;7357;0.038051;11
6193;1;7354;7355;0.034579;12
6192;1;7352;7353;0.44849;8
6191;0;0;0;0.67347;0
6190;0;0;0;0.5358;0
6189;0;0;0;0.55074;0
6188;0;0;0;0.22315;0
6187;1;7350;7351;0.86537;6
6186;0;0;0;0.03846;0
6185;0;0;0;0.21982;0
6184;1;7348;7349;0.72143;8
6183;1;7346;7347;0.36357;10
6182;0;0;0;0.46224;0
6181;1;7344;7345;0.71848;12
6180;0;0;0;0.50698;0
6179;0;0;0;0.39292;0
6178;0;0;0;0.63187;0
6177;0;0;0;0.59328;0
6176;0;0;0;0.090398;0
6175;0;0;0;0.48099;0
6174;0;0;0;0.81882;0
6173;0;0;0;0.3815;0
6172;0;0;0;0.93945;0
6171;1;7342;7343;0.0063934;1
6170;0;0;0;0.040579;0
6169;1;7340;7341;0.22653;12
6168;1;7338;7339;0.18386;2
6167;0;0;0;0.98499;0
6166;0;0;0;0.2771;0
6165;1;7336;7337;0.0072768;5
6164;1;7334;7335;0.83616;6
6163;0;0;0;0.19008;0
6162;0;0;0;0.2881;0
6161;0;0;0;0.44448;0
6160;0;0;0;0.78779;0
6159;0;0;0;0.27812;0
6158;0;0;0;0.43008;0
6157;1;7332;7333;0.04196;2
6156;1;7330;7331;0.93533;6
6155;0;0;0;0.32987;0
6154;0;0;0;0.60592;0
6153;0;0;0;0.054654;0
6152;0;0;0;0.38661;0
6151;0;0;0;0.10729;0
6150;1;7328;7329;0.49721;2
6149;0;0;0;0.33654;0
6148;0;0;0;0.13839;0
6147;0;0;0;0.5195;0
6146;0;0;0;0.13846;0
6145;0;0;0;0.051257;0
6144;0;0;0;0.31213;0
6143;1;7326;7327;0.15109;8
6142;1;7324;7325;0.69862;3
6141;0;0;0;0.33212;0
6140;1;7322;7323;0.98692;7
6139;0;0;0;0.2969;0
6138;0;0;0;0.54647;0
6137;1;7320;7321;0.021073;5
6136;0;0;0;0.1531;0
6135;0;0;0;0.59942;0
6134;1;7318;7319;0.075019;11
6133;1;7316;7317;0.7513;4
6132;0;0;0;0.59622;0
6131;0;0;0;0.030988;0
6130;1;7314;7315;0.12068;11
6129;1;7312;7313;0.27547;10
6128;0;0;0;0.4376;0
6127;0;0;0;0.38173;0
6126;0;0;0;0.020403;0
6125;1;7310;7311;0.1567;3
6124;1;7308;7309;0.19258;6
6123;1;7306;7307;0.076428;5
6122;1;7304;7305;0.8473;10
6121;1;7302;7303;0.20042;10
6120;1;7300;7301;0.08101;6
6119;1;7298;7299;0.81742;4
6118;0;0;0;0.10883;0
6117;1;7296;7297;0.019572;9
6116;0;0;0;0.055857;0
6115;0;0;0;0.10375;0
6114;1;7294;7295;0.71341;12
6113;0;0;0;0.43883;0
6112;1;7292;7293;0.72631;12
6111;1;7290;7291;0.015369;9
6110;1;7288;7289;0.70644;4
6109;1;7286;7287;0.89535;4
6108;1;7284;7285;0.0019023;5
6107;0;0;0;0.074055;0
6106;0;0;0;0.31966;0
6105;1;7282;7283;0.4609;9
6104;1;7280;7281;0.81477;6
6103;0;0;0;0.61525;0
6102;0;0;0;0.8024;0
6101;1;7278;7279;0.31328;2
6100;0;0;0;0.07187;0
6099;0;0;0;0.72255;0
6098;0;0;0;0.41244;0
6097;1;7276;7277;0.0093174;9
6096;1;7274;7275;0.15337;10
6095;1;7272;7273;0.48882;4
6094;1;7270;7271;0.19732;11
6093;0;0;0;0.18475;0
6092;1;7268;7269;0.4608;7
6091;0;0;0;0.36763;0
6090;0;0;0;0.76673;0
6089;0;0;0;0.10125;0
6088;1;7266;7267;0.24974;2
6087;1;7264;7265;0.72372;3
6086;0;0;0;0.043879;0
6085;0;0;0;0.065205;0
6084;1;7262;7263;0.13057;8
6083;0;0;0;0.11953;0
6082;1;7260;7261;0.31694;2
6081;1;7258;7259;0.522;4
6080;0;0;0;0.4083;0
6079;1;7256;7257;0.33037;2
6078;1;7254;7255;0.21324;8
6077;0;0;0;0.50881;0
6076;0;0;0;0.12995;0
6075;0;0;0;0.6067;0
6074;0;0;0;0.28021;0
6073;0;0;0;0.17357;0
6072;0;0;0;0.66213;0
6071;0;0;0;0.65516;0
6070;1;7252;7253;0.57033;7
6069;0;0;0;0.63416;0
6068;1;7250;7251;0.76669;7
6067;0;0;0;0.64488;0
6066;0;0;0;0.34997;0
6065;1;7248;7249;0.061887;2
6064;1;7246;7247;0.72741;1
6063;1;7244;7245;0.33084;12
6062;1;7242;7243;0.95012;7
6061;0;0;0;0.13434;0
6060;0;0;0;0.47152;0
6059;0;0;0;0.16986;0
6058;0;0;0;0.45407;0
6057;1;7240;7241;0.66795;3
6056;1;7238;7239;0.54448;1
6055;1;7236;7237;0.092123;9
6054;0;0;0;0.38549;0
6053;1;7234;7235;0.72091;4
6052;0;0;0;0.66961;0
6051;0;0;0;0.032452;0
6050;1;7232;7233;0.74161;8
6049;0;0;0;0.36042;0
6048;0;0;0;0.50101;0
6047;0;0;0;0.8336;0
6046;0;0;0;0.50246;0
6045;1;7230;7231;0.011387;5
6044;0;0;0;0.54349;0
6043;1;7228;7229;0.26294;11
6042;0;0;0;0.10172;0
6041;1;7226;7227;0.76151;1
6040;1;7224;7225;0.0042068;5
6039;1;7222;7223;0.43628;11
6038;1;7220;7221;0.059002;10
6037;0;0;0;0.30811;0
6036;1;7218;7219;0.68755;4
6035;1;7216;7217;0.092746;5
6034;1;7214;7215;0.7556;12
6033;0;0;0;0.4087;0
6032;0;0;0;0.13275;0
6031;0;0;0;0.49991;0
6030;0;0;0;0.26369;0
6029;0;0;0;0.11252;0
6028;1;7212;7213;0.87583;6
6027;1;7210;7211;0.98343;6
6026;0;0;0;0.0021515;0
6025;1;7208;7209;0.02277;9
6024;0;0;0;0.50437;0
6023;0;0;0;0.41663;0
6022;0;0;0;0.67095;0
6021;1;7206;7207;0.0098937;12
6020;0;0;0;0.041328;0
6019;0;0;0;0.29997;0
6018;0;0;0;0.6494;0
6017;0;0;0;0.23098;0
6016;1;7204;7205;0.88503;4
6015;0;0;0;0.02406;0
6014;0;0;0;0.2708;0
6013;0;0;0;0.16265;0
6012;1;7202;7203;0.027448;10
6011;1;7200;7201;0.99892;6
6010;1;7198;7199;0.15989;11
6009;0;0;0;0.31358;0
6008;0;0;0;0.063605;0
6007;1;7196;7197;0.88087;7
6006;1;7194;7195;0.27202;2
6005;0;0;0;0.39504;0
6004;0;0;0;0.20372;0
6003;0;0;0;0.53786;0
6002;0;0;0;0.76622;0
6001;0;0;0;0.074186;0
6000;0;0;0;0.32283;0
5999;1;7192;7193;0.76123;6
5998;1;7190;7191;0.88044;6
5997;0;0;0;0.075146;0
5996;0;0;0;0.26196;0
5995;0;0;0;0.55497;0
5994;0;0;0;0.31645;0
5993;0;0;0;0.40676;0
5992;0;0;0;0.62634;0
5991;0;0;0;0.092843;0
5990;0;0;0;0.49072;0
5989;0;0;0;0.35835;0
5988;0;0;0;0.23862;0
5987;0;0;0;0.1161;0
5986;1;7188;7189;0.45476;2
5985;0;0;0;0.56294;0
5984;1;7186;7187;0.026497;9
5983;1;7184;7185;0.58244;12
5982;0;0;0;0.84351;0
5981;0;0;0;0.16208;0
5980;0;0;0;0.41776;0
5979;0;0;0;0.098535;0
5978;0;0;0;0.36642;0
5977;0;0;0;0.41921;0
5976;0;0;0;0.57056;0
5975;1;7182;7183;0.98819;8
5974;0;0;0;0.51182;0
5973;0;0;0;0.1836;0
5972;1;7180;7181;0.68906;11
5971;1;7178;7179;0.019434;11
5970;0;0;0;0.11657;0
5969;0;0;0;0.24735;0
5968;0;0;0;0.50762;0
5967;0;0;0;0.045207;0
5966;0;0;0;0.3467;0
5965;0;0;0;0.17278;0
5964;1;7176;7177;0.17685;2
5963;0;0;0;0.12533;0
5962;1;7174;7175;0.12829;11
5961;0;0;0;0.49826;0
5960;0;0;0;0.14552;0
5959;0;0;0;0.41803;0
5958;0;0;0;0.19892;0
5957;0;0;0;0.72112;0
5956;1;7172;7173;0.046726;10
5955;0;0;0;0.72459;0
5954;0;0;0;0.35331;0
5953;0;0;0;0.70008;0
5952;0;0;0;0.33523;0
5951;1;7170;7171;0.28694;8
5950;0;0;0;0.036449;0
5949;1;7168;7169;0.013129;5
5948;0;0;0;0.1576;0
5947;1;7166;7167;0.65001;6
5946;0;0;0;0.72563;0
5945;1;7164;7165;0.4966;8
5944;0;0;0;0.89621;0
5943;1;7162;7163;0.29257;4
5942;0;0;0;0.17884;0
5941;1;7160;7161;0.30688;2
5940;0;0;0;0.70842;0
5939;1;7158;7159;0.37479;6
5938;0;0;0;0.57478;0
5937;1;7156;7157;0.54874;8
5936;1;7154;7155;0.065644;10
5935;0;0;0;0.17304;0
5934;0;0;0;0.62032;0
5933;0;0;0;0.48954;0
5932;0;0;0;0.35718;0
5931;0;0;0;0.73284;0
5930;0;0;0;0.44507;0
5929;1;7152;7153;0.052363;2
5928;0;0;0;0.26667;0
5927;0;0;0;0.65447;0
5926;0;0;0;0.44231;0
5925;1;7150;7151;0.54002;2
5924;1;7148;7149;0.75057;8
5923;0;0;0;0.9588;0
5922;0;0;0;0.68952;0
5921;1;7146;7147;0.90279;4
5920;0;0;0;0.68839;0
5919;0;0;0;0.71265;0
5918;0;0;0;0.26095;0
5917;1;7144;7145;0.062679;5
5916;0;0;0;0.032094;0
5915;1;7142;7143;0.52005;12
5914;1;7140;7141;0.32385;6
5913;1;7138;7139;0.48908;6
5912;0;0;0;0.071928;0
5911;1;7136;7137;0.7931;8
5910;0;0;0;0.13162;0
5909;1;7134;7135;0.64612;2
5908;0;0;0;0.70154;0
5907;0;0;0;0.85977;0
5906;0;0;0;0.4758;0
5905;1;7132;7133;0.9958;8
5904;1;7130;7131;0.93533;9
5903;0;0;0;0.91945;0
5902;1;7128;7129;0.049089;3
5901;0;0;0;0.33411;0
5900;0;0;0;0.56148;0
5899;0;0;0;0.60451;0
5898;1;7126;7127;0.53418;11
5897;1;7124;7125;0.91326;8
5896;0;0;0;0.44009;0
5895;0;0;0;0.7019;0
5894;1;7122;7123;0.76425;8
5893;0;0;0;0.81339;0
5892;0;0;0;0.36399;0
5891;0;0;0;0.56809;0
5890;0;0;0;0.4615;0
5889;1;7120;7121;0.17126;5
5888;0;0;0;0.12895;0
5887;0;0;0;0.5774;0
5886;0;0;0;0.22713;0
5885;1;7118;7119;0.048542;9
5884;0;0;0;0.57205;0
5883;0;0;0;0.66796;0
5882;0;0;0;0.37989;0
5881;1;7116;7117;0.053395;9
5880;0;0;0;0.1417;0
5879;0;0;0;0.65638;0
5878;1;7114;7115;0.28673;5
5877;1;7112;7113;0.9296;6
5876;1;7110;7111;0.81318;6
5875;0;0;0;0.1682;0
5874;1;7108;7109;0.20966;5
5873;1;7106;7107;0.35383;3
5872;1;7104;7105;0.89097;6
5871;1;7102;7103;0.11888;10
5870;1;7100;7101;0.32238;12
5869;0;0;0;0.60517;0
5868;0;0;0;0.33807;0
5867;1;7098;7099;0.88853;10
5866;0;0;0;0.44025;0
5865;1;7096;7097;0.42446;10
5864;0;0;0;0.78945;0
5863;0;0;0;0.45333;0
5862;0;0;0;0.28507;0
5861;1;7094;7095;0.768;8
5860;1;7092;7093;0.40055;2
5859;1;7090;7091;0.0084038;6
5858;0;0;0;0.15723;0
5857;1;7088;7089;0.022099;6
5856;0;0;0;0.44247;0
5855;0;0;0;0.6539;0
5854;1;7086;7087;0.98613;4
5853;0;0;0;0.6902;0
5852;1;7084;7085;0.1263;3
5851;0;0;0;0.44467;0
5850;1;7082;7083;0.24556;7
5849;0;0;0;0.72107;0
5848;1;7080;7081;0.80888;9
5847;0;0;0;0.65822;0
5846;0;0;0;0.71941;0
5845;1;7078;7079;0.063366;3
5844;1;7076;7077;0.93243;4
5843;0;0;0;0.2511;0
5842;0;0;0;0.54678;0
5841;1;7074;7075;0.23132;10
5840;0;0;0;0.55059;0
5839;0;0;0;0.52921;0
5838;0;0;0;0.69536;0
5837;0;0;0;0.40128;0
5836;0;0;0;0.53767;0
5835;1;7072;7073;0.81301;1
5834;0;0;0;0.50881;0
5833;0;0;0;0.4148;0
5832;1;7070;7071;0.46526;10
5831;0;0;0;0.59729;0
5830;0;0;0;0.3136;0
5829;0;0;0;0.065574;0
5828;0;0;0;0.2004;0
5827;1;7068;7069;0.54785;9
5826;0;0;0;0.035706;0
5825;0;0;0;0.99952;0
5824;1;7066;7067;0.60775;12
5823;0;0;0;0.43764;0
5822;0;0;0;0.086276;0
5821;1;7064;7065;0.4492;3
5820;1;7062;7063;0.0014438;5
5819;0;0;0;0.9056;0
5818;1;7060;7061;0.40435;12
5817;0;0;0;0.77158;0
5816;1;7058;7059;0.77628;1
5815;0;0;0;0.87197;0
5814;0;0;0;0.43367;0
5813;0;0;0;0.39414;0
5812;0;0;0;0.63618;0
5811;0;0;0;0.53206;0
5810;0;0;0;0.22911;0
5809;0;0;0;0.4278;0
5808;1;7056;7057;0.73116;6
5807;1;7054;7055;0.4483;9
5806;1;7052;7053;0.86252;2
5805;1;7050;7051;0.074134;9
5804;0;0;0;0.6897;0
5803;0;0;0;0.039258;0
5802;0;0;0;0.20864;0
5801;0;0;0;0.094797;0
5800;1;7048;7049;0.68696;12
5799;1;7046;7047;0.58378;11
5798;1;7044;7045;0.85066;4
5797;1;7042;7043;0.80892;6
5796;1;7040;7041;0.28985;6
5795;0;0;0;0.64093;0
5794;0;0;0;0.35824;0
5793;1;7038;7039;0.88171;2
5792;0;0;0;0.12066;0
5791;0;0;0;0.40759;0
5790;0;0;0;0.17389;0
5789;0;0;0;0.084945;0
5788;1;7036;7037;0.99874;10
5787;1;7034;7035;0.73002;12
5786;1;7032;7033;0.32854;7
5785;1;7030;7031;0.95115;10
5784;1;7028;7029;0.86327;1
5783;1;7026;7027;0.81708;4
5782;0;0;0;0.17149;0
5781;1;7024;7025;0.65928;3
5780;1;7022;7023;0.16807;6
5779;1;7020;7021;0.40662;8
5778;0;0;0;0.78454;0
5777;1;7018;7019;0.31824;2
5776;1;7016;7017;0.57028;12
5775;1;7014;7015;0.37446;6
5774;1;7012;7013;0.18875;8
5773;1;7010;7011;0.42377;5
5772;1;7008;7009;0.41317;6
5771;0;0;0;0.064664;0
5770;1;7006;7007;0.054196;9
5769;1;7004;7005;0.57047;1
5768;1;7002;7003;0.30964;5
5767;1;7000;7001;0.9309;9
5766;1;6998;6999;0.92701;4
5765;0;0;0;0.12278;0
5764;1;6996;6997;0.21723;12
5763;0;0;0;0.45429;0
5762;0;0;0;0.20414;0
5761;1;6994;6995;0.47595;12
5760;0;0;0;0.10811;0
5759;0;0;0;0.60014;0
5758;0;0;0;0.28829;0
5757;1;6992;6993;0.93365;10
5756;1;6990;6991;0.56666;7
5755;1;6988;6989;0.82708;9
5754;0;0;0;0.17419;0
5753;1;6986;6987;0.059191;9
5752;0;0;0;0.14294;0
5751;1;6984;6985;0.19524;9
5750;0;0;0;0.20074;0
5749;0;0;0;0.65569;0
5748;1;6982;6983;0.93637;4
5747;1;6980;6981;0.71269;2
5746;0;0;0;0.54293;0
5745;1;6978;6979;0.031722;8
5744;1;6976;6977;0.12054;8
5743;1;6974;6975;0.79552;1
5742;1;6972;6973;0.033828;8
5741;0;0;0;0.79518;0
5740;0;0;0;0.48415;0
5739;1;6970;6971;0.24736;8
5738;1;6968;6969;0.026284;5
5737;0;0;0;0.09875;0
5736;1;6966;6967;0.013495;9
5735;0;0;0;0.82246;0
5734;0;0;0;0.49501;0
5733;1;6964;6965;0.89131;7
5732;0;0;0;0.76225;0
5731;1;6962;6963;0.4444;12
5730;1;6960;6961;0.67506;1
5729;1;6958;6959;0.4741;8
5728;1;6956;6957;0.31363;3
5727;0;0;0;0.23604;0
5726;1;6954;6955;0.36271;4
5725;1;6952;6953;0.68772;4
5724;1;6950;6951;0.70528;4
5723;1;6948;6949;0.27814;7
5722;1;6946;6947;0.27305;3
5721;1;6944;6945;0.92173;11
5720;1;6942;6943;0.74962;1
5719;1;6940;6941;0.75155;4
5718;1;6938;6939;0.83506;10
5717;1;6936;6937;0.79932;11
5716;0;0;0;0.39307;0
5715;1;6934;6935;0.95738;1
5714;1;6932;6933;0.069836;5
5713;1;6930;6931;0.99522;1
5712;0;0;0;0.84928;0
5711;1;6928;6929;0.025208;12
5710;1;6926;6927;0.84204;1
5709;1;6924;6925;0.41851;3
5708;0;0;0;0.10696;0
5707;1;6922;6923;0.18484;7
5706;0;0;0;0.78327;0
5705;0;0;0;0.38515;0
5704;0;0;0;0.10974;0
5703;1;6920;6921;0.43848;11
5702;0;0;0;0.69251;0
5701;0;0;0;0.65743;0
5700;1;6918;6919;0.33986;8
5699;1;6916;6917;0.71265;1
5698;1;6914;6915;0.24566;6
5697;0;0;0;0.42037;0
5696;0;0;0;0.19608;0
5695;0;0;0;0.89675;0
5694;1;6912;6913;0.56123;1
5693;1;6910;6911;0.75581;9
5692;0;0;0;0.1842;0
5691;1;6908;6909;0.20643;5
5690;0;0;0;0.66241;0
5689;1;6906;6907;0.70089;8
5688;1;6904;6905;0.75076;2
5687;0;0;0;0.57036;0
5686;1;6902;6903;0.85963;9
5685;1;6900;6901;0.47505;6
5684;1;6898;6899;0.5673;2
5683;1;6896;6897;0.32539;2
5682;0;0;0;0.29551;0
5681;0;0;0;0.68956;0
5680;0;0;0;0.84485;0
5679;0;0;0;0.71938;0
5678;1;6894;6895;0.66505;10
5677;1;6892;6893;0.98681;10
5676;1;6890;6891;0.45301;6
5675;0;0;0;0.85635;0
5674;1;6888;6889;0.50561;7
5673;0;0;0;0.77836;0
5672;1;6886;6887;0.98055;1
5671;1;6884;6885;0.82484;1
5670;1;6882;6883;0.27761;9
5669;1;6880;6881;0.092557;3
5668;1;6878;6879;0.23572;12
5667;0;0;0;0.28322;0
5666;0;0;0;0.53878;0
5665;0;0;0;0.43477;0
5664;1;6876;6877;0.52997;8
5663;0;0;0;0.28585;0
5662;1;6874;6875;0.30272;2
5661;1;6872;6873;0.65355;4
5660;0;0;0;0.4209;0
5659;1;6870;6871;0.63496;2
5658;1;6868;6869;0.00032757;7
5657;1;6866;6867;0.83128;1
5656;1;6864;6865;0.8588;1
5655;1;6862;6863;0.98846;11
5654;0;0;0;0.16014;0
5653;1;6860;6861;0.020517;5
5652;1;6858;6859;0.45908;8
5651;0;0;0;0.54187;0
5650;0;0;0;0.7782;0
5649;1;6856;6857;0.63204;7
5648;1;6854;6855;0.99705;12
5647;0;0;0;0.39556;0
5646;0;0;0;0.70712;0
5645;1;6852;6853;0.031162;8
5644;0;0;0;0.59404;0
5643;0;0;0;0.73419;0
5642;0;0;0;0.42298;0
5641;0;0;0;0.77194;0
5640;0;0;0;0.53132;0
5639;0;0;0;0.53599;0
5638;0;0;0;0.75246;0
5637;1;6850;6851;0.042678;8
5636;0;0;0;0.66369;0
5635;1;6848;6849;0.20207;2
5634;0;0;0;0.59665;0
5633;0;0;0;0.34663;0
5632;0;0;0;0.6358;0
5631;1;6846;6847;0.42834;2
5630;0;0;0;0.30526;0
5629;0;0;0;0.80745;0
5628;1;6844;6845;0.86014;3
5627;0;0;0;0.95478;0
5626;1;6842;6843;0.49486;4
5625;1;6840;6841;0.095571;8
5624;0;0;0;0.17297;0
5623;1;6838;6839;0.52852;3
5622;1;6836;6837;0.14274;8
5621;1;6834;6835;0.61323;2
5620;1;6832;6833;0.32089;7
5619;0;0;0;0.53801;0
5618;0;0;0;0.086975;0
5617;0;0;0;0.61592;0
5616;1;6830;6831;0.98282;3
5615;1;6828;6829;0.60151;11
5614;0;0;0;0.8408;0
5613;1;6826;6827;0.99685;3
5612;0;0;0;0.79609;0
5611;0;0;0;0.88797;0
5610;1;6824;6825;0.16379;9
5609;0;0;0;0.40404;0
5608;0;0;0;0.18753;0
5607;0;0;0;0.56566;0
5606;0;0;0;0.18314;0
5605;0;0;0;0.13169;0
5604;1;6822;6823;0.0082876;5
5603;1;6820;6821;0.58872;8
5602;0;0;0;0.25689;0
5601;1;6818;6819;0.76423;12
5600;0;0;0;0.12541;0
5599;1;6816;6817;0.62462;10
5598;1;6814;6815;0.35522;3
5597;1;6812;6813;0.55008;9
5596;0;0;0;0.81068;0
5595;1;6810;6811;0.082127;3
5594;0;0;0;0.09725;0
5593;0;0;0;0.77812;0
5592;0;0;0;0.62814;0
5591;1;6808;6809;0.9204;4
5590;0;0;0;0.27638;0
5589;0;0;0;0.818;0
5588;0;0;0;0.60768;0
5587;1;6806;6807;0.006958;5
5586;1;6804;6805;0.028668;3
5585;0;0;0;0.39158;0
5584;0;0;0;0.14735;0
5583;1;6802;6803;0.37252;3
5582;0;0;0;0.14016;0
5581;0;0;0;0.058524;0
5580;1;6800;6801;0.55785;8
5579;0;0;0;0.013217;0
5578;1;6798;6799;0.6638;3
5577;1;6796;6797;0.2366;8
5576;1;6794;6795;0.19894;3
5575;1;6792;6793;0.56346;12
5574;0;0;0;0.039219;0
5573;0;0;0;0.020274;0
5572;1;6790;6791;0.32769;10
5571;0;0;0;0.67261;0
5570;1;6788;6789;0.79312;7
5569;1;6786;6787;0.99815;6
5568;1;6784;6785;0.85256;7
5567;0;0;0;0.065021;0
5566;1;6782;6783;0.42033;8
5565;1;6780;6781;0.95278;6
5564;1;6778;6779;0.73416;6
5563;0;0;0;0.23482;0
5562;0;0;0;0.45514;0
5561;0;0;0;0.094969;0
5560;1;6776;6777;0.98557;6
5559;0;0;0;0.26546;0
5558;0;0;0;0.53264;0
5557;1;6774;6775;0.83355;6
5556;1;6772;6773;0.047092;5
5555;1;6770;6771;0.23516;5
5554;0;0;0;0.14318;0
5553;0;0;0;0.063051;0
5552;0;0;0;0.27643;0
5551;1;6768;6769;0.47523;7
5550;0;0;0;0.10762;0
5549;1;6766;6767;0.94196;11
5548;0;0;0;0.41704;0
5547;0;0;0;0.49648;0
5546;0;0;0;0.21979;0
5545;0;0;0;0.82421;0
5544;0;0;0;0.54055;0
5543;0;0;0;0.23398;0
5542;0;0;0;0.47135;0
5541;1;6764;6765;0.61195;11
5540;1;6762;6763;0.35203;8
5539;1;6760;6761;0.61963;3
5538;0;0;0;0.64449;0
5537;0;0;0;0.10688;0
5536;1;6758;6759;0.067526;9
5535;0;0;0;0.25729;0
5534;0;0;0;0.67449;0
5533;0;0;0;0.048757;0
5532;1;6756;6757;0.64969;1
5531;0;0;0;0.11648;0
5530;0;0;0;0.42809;0
5529;1;6754;6755;0.60965;1
5528;1;6752;6753;0.044087;5
5527;0;0;0;0.10827;0
5526;1;6750;6751;0.79192;1
5525;1;6748;6749;0.38582;10
5524;1;6746;6747;0.36919;8
5523;1;6744;6745;0.035831;6
5522;1;6742;6743;0.46101;2
5521;1;6740;6741;0.87938;4
5520;1;6738;6739;0.44007;11
5519;1;6736;6737;0.14519;3
5518;1;6734;6735;0.12736;10
5517;1;6732;6733;0.91955;12
5516;1;6730;6731;0.25551;2
5515;1;6728;6729;0.64267;12
5514;1;6726;6727;0.90247;2
5513;1;6724;6725;0.85892;4
5512;1;6722;6723;0.79592;4
5511;1;6720;6721;0.62574;8
5510;0;0;0;0.61566;0
5509;0;0;0;0.82914;0
5508;1;6718;6719;0.027436;9
5507;1;6716;6717;0.93309;4
5506;1;6714;6715;0.31088;7
5505;1;6712;6713;0.81519;9
5504;1;6710;6711;0.13702;10
5503;0;0;0;0.034501;0
5502;1;6708;6709;0.24744;5
5501;0;0;0;0.034286;0
5500;1;6706;6707;0.9508;6
5499;0;0;0;0.77815;0
5498;0;0;0;0.17398;0
5497;0;0;0;0.03335;0
5496;1;6704;6705;0.08727;7
5495;1;6702;6703;0.53914;8
5494;1;6700;6701;0.79401;4
5493;1;6698;6699;0.446;12
5492;1;6696;6697;0.52611;6
5491;0;0;0;0.1362;0
5490;1;6694;6695;0.065331;9
5489;1;6692;6693;0.064868;5
5488;1;6690;6691;0.139;10
5487;1;6688;6689;0.40972;2
5486;0;0;0;0.86835;0
5485;0;0;0;0.053656;0
5484;1;6686;6687;0.20119;9
5483;1;6684;6685;0.35231;10
5482;1;6682;6683;0.16948;12
5481;1;6680;6681;0.48935;4
5480;1;6678;6679;0.082515;12
5479;1;6676;6677;0.91564;11
5478;0;0;0;0.84098;0
5477;0;0;0;0.55478;0
5476;0;0;0;0.63502;0
5475;1;6674;6675;0.011259;9
5474;0;0;0;0.84023;0
5473;0;0;0;0.15346;0
5472;0;0;0;0.35029;0
5471;0;0;0;0.13021;0
5470;1;6672;6673;0.15421;8
5469;0;0;0;0.11291;0
5468;0;0;0;0.42032;0
5467;1;6670;6671;0.72323;12
5466;1;6668;6669;0.16444;5
5465;1;6666;6667;0.40944;12
5464;0;0;0;0.45531;0
5463;1;6664;6665;0.55568;4
5462;1;6662;6663;0.97791;11
5461;1;6660;6661;0.39289;10
5460;1;6658;6659;0.79982;1
5459;0;0;0;0.50964;0
5458;0;0;0;0.30229;0
5457;1;6656;6657;0.083249;5
5456;1;6654;6655;0.041134;6
5455;0;0;0;0.7602;0
5454;0;0;0;0.44862;0
5453;1;6652;6653;0.30521;7
5452;1;6650;6651;0.35582;2
5451;0;0;0;0.77228;0
5450;1;6648;6649;0.59917;12
5449;0;0;0;0.90757;0
5448;0;0;0;0.46682;0
5447;0;0;0;0.65785;0
5446;1;6646;6647;0.87599;5
5445;1;6644;6645;0.036551;9
5444;0;0;0;0.84412;0
5443;1;6642;6643;0.94092;11
5442;0;0;0;0.66038;0
5441;1;6640;6641;0.59465;2
5440;0;0;0;0.1942;0
5439;1;6638;6639;0.39083;6
5438;1;6636;6637;0.64372;4
5437;0;0;0;0.16161;0
5436;1;6634;6635;0.77451;9
5435;0;0;0;0.26388;0
5434;0;0;0;0.59327;0
5433;0;0;0;0.59326;0
5432;0;0;0;0.83561;0
5431;1;6632;6633;0.43517;12
5430;0;0;0;0.61635;0
5429;0;0;0;0.84052;0
5428;0;0;0;0.56254;0
5427;0;0;0;0.75764;0
5426;0;0;0;0.45387;0
5425;1;6630;6631;0.025736;9
5424;0;0;0;0.28116;0
5423;0;0;0;0.75442;0
5422;0;0;0;0.44368;0
5421;0;0;0;0.29136;0
5420;0;0;0;0.58105;0
5419;0;0;0;0.033325;0
5418;0;0;0;0.32256;0
5417;1;6628;6629;0.98405;6
5416;0;0;0;0.081719;0
5415;0;0;0;0.10334;0
5414;1;6626;6627;0.9471;6
5413;1;6624;6625;0.11567;9
5412;0;0;0;0.14324;0
5411;1;6622;6623;0.90594;4
5410;0;0;0;0.10828;0
5409;1;6620;6621;0.081954;2
5408;0;0;0;0.19029;0
5407;1;6618;6619;0.20424;5
5406;1;6616;6617;0.0080874;12
5405;0;0;0;0.66756;0
5404;1;6614;6615;0.59132;2
5403;1;6612;6613;0.6672;8
5402;1;6610;6611;0.75621;2
5401;1;6608;6609;0.33163;5
5400;0;0;0;0.4626;0
5399;0;0;0;0.17259;0
5398;0;0;0;0.082905;0
5397;0;0;0;0.3498;0
5396;0;0;0;0.5598;0
5395;1;6606;6607;0.26489;6
5394;0;0;0;0.16028;0
5393;1;6604;6605;0.34215;10
5392;1;6602;6603;0.89403;3
5391;1;6600;6601;0.96859;5
5390;0;0;0;0.17604;0
5389;1;6598;6599;0.4381;11
5388;1;6596;6597;0.0051744;7
5387;1;6594;6595;0.5098;11
5386;0;0;0;0.24863;0
5385;0;0;0;0.8056;0
5384;0;0;0;0.7056;0
5383;0;0;0;0.2328;0
5382;1;6592;6593;0.97965;7
5381;1;6590;6591;0.96824;6
5380;0;0;0;0.42893;0
5379;0;0;0;0.1282;0
5378;1;6588;6589;0.051973;9
5377;1;6586;6587;0.70173;3
5376;0;0;0;0.29993;0
5375;0;0;0;0.50879;0
5374;1;6584;6585;0.24423;9
5373;1;6582;6583;0.62822;4
5372;1;6580;6581;0.38637;8
5371;0;0;0;0.65367;0
5370;1;6578;6579;0.91782;12
5369;0;0;0;0.63394;0
5368;0;0;0;0.28331;0
5367;1;6576;6577;0.15983;9
5366;0;0;0;0.16558;0
5365;1;6574;6575;0.56233;7
5364;0;0;0;0.73374;0
5363;1;6572;6573;0.19742;9
5362;0;0;0;0.22762;0
5361;0;0;0;0.92016;0
5360;0;0;0;0.62191;0
5359;1;6570;6571;0.52202;6
5358;0;0;0;0.74838;0
5357;1;6568;6569;0.51794;2
5356;0;0;0;0.90461;0
5355;0;0;0;0.6973;0
5354;1;6566;6567;0.53785;11
5353;1;6564;6565;0.26723;10
5352;0;0;0;0.91278;0
5351;0;0;0;0.55894;0
5350;0;0;0;0.36401;0
5349;0;0;0;0.83148;0
5348;0;0;0;0.62787;0
5347;1;6562;6563;0.88275;1
5346;0;0;0;0.23344;0
5345;0;0;0;0.51351;0
5344;0;0;0;0.39982;0
5343;0;0;0;0.78302;0
5342;0;0;0;0.52176;0
5341;0;0;0;0.12314;0
5340;1;6560;6561;0.0086035;9
5339;0;0;0;0.053849;0
5338;1;6558;6559;0.62352;7
5337;0;0;0;0.52552;0
5336;0;0;0;0.73709;0
5335;0;0;0;0.48273;0
5334;0;0;0;0.18536;0
5333;0;0;0;0.13038;0
5332;1;6556;6557;0.74468;4
5331;0;0;0;0.59525;0
5330;1;6554;6555;0.01144;5
5329;1;6552;6553;0.92675;4
5328;1;6550;6551;0.3288;2
5327;1;6548;6549;0.81653;9
5326;1;6546;6547;0.026481;12
5325;0;0;0;0.093257;0
5324;1;6544;6545;0.60934;12
5323;0;0;0;0.11739;0
5322;1;6542;6543;0.71253;3
5321;1;6540;6541;0.89588;2
5320;1;6538;6539;0.78212;6
5319;0;0;0;0.13573;0
5318;1;6536;6537;0.66418;4
5317;0;0;0;0.045364;0
5316;1;6534;6535;0.10112;10
5315;0;0;0;0.019348;0
5314;0;0;0;0.20021;0
5313;1;6532;6533;0.6853;7
5312;1;6530;6531;0.4186;12
5311;1;6528;6529;0.47751;2
5310;1;6526;6527;0.85224;4
5309;0;0;0;0.45388;0
5308;0;0;0;0.12215;0
5307;1;6524;6525;0.56331;9
5306;1;6522;6523;0.021512;5
5305;1;6520;6521;0.77062;6
5304;1;6518;6519;0.99937;6
5303;1;6516;6517;0.87521;4
5302;1;6514;6515;0.65198;8
5301;1;6512;6513;0.21039;10
5300;0;0;0;0.18085;0
5299;0;0;0;0.67932;0
5298;1;6510;6511;0.13079;9
5297;1;6508;6509;0.88717;2
5296;0;0;0;0.64611;0
5295;1;6506;6507;0.98977;1
5294;0;0;0;0.68364;0
5293;1;6504;6505;0.79031;4
5292;1;6502;6503;0.47091;10
5291;1;6500;6501;0.77114;3
5290;1;6498;6499;0.099819;11
5289;1;6496;6497;0.33443;3
5288;1;6494;6495;0.79831;8
5287;1;6492;6493;0.75681;3
5286;1;6490;6491;0.61435;8
5285;0;0;0;0.42172;0
5284;0;0;0;0.80912;0
5283;0;0;0;0.58527;0
5282;1;6488;6489;0.85393;6
5281;0;0;0;0.057993;0
5280;0;0;0;0.31347;0
5279;0;0;0;0.76962;0
5278;1;6486;6487;0.55708;3
5277;1;6484;6485;0.69301;2
5276;1;6482;6483;0.010501;9
5275;1;6480;6481;0.97317;7
5274;0;0;0;0.084901;0
5273;0;0;0;0.14155;0
5272;1;6478;6479;0.61248;4
5271;0;0;0;0.47894;0
5270;1;6476;6477;0.92023;6
5269;1;6474;6475;0.12134;12
5268;1;6472;6473;0.7036;2
5267;1;6470;6471;0.77884;8
5266;1;6468;6469;0.52859;12
5265;1;6466;6467;0.6519;8
5264;1;6464;6465;0.57627;3
5263;1;6462;6463;0.40943;9
5262;1;6460;6461;0.78057;2
5261;1;6458;6459;0.44317;1
5260;0;0;0;0.075427;0
5259;1;6456;6457;0.047385;11
5258;1;6454;6455;0.76065;2
5257;0;0;0;0.25118;0
5256;1;6452;6453;0.49571;3
5255;1;6450;6451;0.039886;11
5254;0;0;0;0.071764;0
5253;1;6448;6449;0.74518;7
5252;1;6446;6447;0.64531;7
5251;1;6444;6445;0.35532;4
5250;0;0;0;0.47854;0
5249;0;0;0;0.09197;0
5248;1;6442;6443;0.25376;9
5247;0;0;0;0.28467;0
5246;1;6440;6441;0.90336;6
5245;0;0;0;0.083384;0
5244;1;6438;6439;0.29715;8
5243;1;6436;6437;0.59698;8
5242;1;6434;6435;0.069656;5
5241;0;0;0;0.58406;0
5240;0;0;0;0.63202;0
5239;1;6432;6433;0.71321;6
5238;1;6430;6431;0.56666;12
5237;0;0;0;0.067797;0
5236;1;6428;6429;0.9386;7
5235;1;6426;6427;0.45583;12
5234;1;6424;6425;0.0041542;11
5233;1;6422;6423;0.2544;2
5232;1;6420;6421;0.093464;11
5231;0;0;0;0.74986;0
5230;0;0;0;0.47372;0
5229;1;6418;6419;0.27096;2
5228;0;0;0;0.35495;0
5227;1;6416;6417;0.098133;2
5226;1;6414;6415;0.9327;6
5225;0;0;0;0.56737;0
5224;1;6412;6413;0.38809;4
5223;0;0;0;0.094363;0
5222;0;0;0;0.33004;0
5221;0;0;0;0.61974;0
5220;0;0;0;0.24177;0
5219;0;0;0;0.82045;0
5218;1;6410;6411;0.55925;12
5217;1;6408;6409;0.042672;9
5216;0;0;0;0.52691;0
5215;1;6406;6407;0.59301;2
5214;1;6404;6405;0.54232;8
5213;1;6402;6403;0.27217;9
5212;0;0;0;0.73259;0
5211;1;6400;6401;0.52084;7
5210;0;0;0;0;0
5209;0;0;0;0.34029;0
5208;0;0;0;0.038151;0
5207;1;6398;6399;0.26919;5
5206;0;0;0;0.71399;0
5205;1;6396;6397;0.023083;11
5204;1;6394;6395;0.99232;12
5203;0;0;0;0.12361;0
5202;1;6392;6393;0.43506;2
5201;1;6390;6391;0.063283;11
5200;1;6388;6389;0.62855;1
5199;1;6386;6387;0.09136;2
5198;1;6384;6385;0.5737;4
5197;1;6382;6383;0.20639;4
5196;0;0;0;0.075108;0
5195;0;0;0;0.035947;0
5194;0;0;0;0.67617;0
5193;1;6380;6381;0.34698;12
5192;0;0;0;0.45068;0
5191;0;0;0;0.49614;0
5190;0;0;0;0.8141;0
5189;1;6378;6379;0.30539;2
5188;1;6376;6377;0.39133;10
5187;0;0;0;0.095816;0
5186;1;6374;6375;0.17399;2
5185;1;6372;6373;0.9223;8
5184;1;6370;6371;0.98655;12
5183;1;6368;6369;0.48232;10
5182;1;6366;6367;0.091774;2
5181;1;6364;6365;0.58326;8
5180;0;0;0;0.3063;0
5179;1;6362;6363;0.72436;10
5178;0;0;0;0.87265;0
5177;1;6360;6361;0.42551;8
5176;1;6358;6359;0.54922;7
5175;1;6356;6357;0.23829;10
5174;0;0;0;0.46968;0
5173;1;6354;6355;0.14248;12
5172;1;6352;6353;0.56038;1
5171;1;6350;6351;0.98911;4
5170;1;6348;6349;0.61762;6
5169;1;6346;6347;0.86706;8
5168;1;6344;6345;0.68209;1
5167;1;6342;6343;0.43488;8
5166;1;6340;6341;0.98799;10
5165;0;0;0;0.14302;0
5164;0;0;0;0.28012;0
5163;1;6338;6339;0.47863;3
5162;1;6336;6337;0.40204;6
5161;0;0;0;0.40806;0
5160;0;0;0;0.64121;0
5159;1;6334;6335;0.043214;9
5158;1;6332;6333;0.27931;4
5157;1;6330;6331;0.042883;6
5156;1;6328;6329;0.42603;2
5155;1;6326;6327;0.14372;6
5154;1;6324;6325;0.44407;2
5153;0;0;0;0.2082;0
5152;0;0;0;0.47789;0
5151;0;0;0;0.6262;0
5150;0;0;0;0.10829;0
5149;0;0;0;0.063614;0
5148;0;0;0;0.42316;0
5147;0;0;0;0.25632;0
5146;0;0;0;0.50803;0
5145;1;6322;6323;0.77937;7
5144;1;6320;6321;0.72492;3
5143;1;6318;6319;0.62344;7
5142;0;0;0;0.058529;0
5141;1;6316;6317;0.81921;7
5140;1;6314;6315;0.11754;10
5139;1;6312;6313;0.66062;3
5138;1;6310;6311;0.56644;3
5137;0;0;0;0.50482;0
5136;0;0;0;0.080775;0
5135;1;6308;6309;0.10386;11
5134;0;0;0;0.034449;0
5133;0;0;0;0.33124;0
5132;0;0;0;0.53545;0
5131;1;6306;6307;0.04957;9
5130;0;0;0;0.78098;0
5129;1;6304;6305;0.41801;2
5128;0;0;0;0.047448;0
5127;0;0;0;0.90323;0
5126;1;6302;6303;0.97514;7
5125;1;6300;6301;0.90457;2
5124;1;6298;6299;0.17429;11
5123;0;0;0;0.32278;0
5122;0;0;0;0.70289;0
5121;1;6296;6297;0.050435;2
5120;1;6294;6295;0.36615;2
5119;1;6292;6293;0.56265;8
5118;1;6290;6291;0.71222;12
5117;0;0;0;0.37447;0
5116;1;6288;6289;0.00087572;5
5115;0;0;0;0.34498;0
5114;0;0;0;0.10618;0
5113;0;0;0;0.054249;0
5112;0;0;0;0.43591;0
5111;0;0;0;0.039133;0
5110;1;6286;6287;0.43381;6
5109;1;6284;6285;0.00096596;5
5108;1;6282;6283;0.46958;8
5107;1;6280;6281;0.0017781;5
5106;0;0;0;0.14911;0
5105;1;6278;6279;0.61547;8
5104;0;0;0;0.73962;0
5103;1;6276;6277;0.32878;8
5102;0;0;0;0.65256;0
5101;0;0;0;0.57004;0
5100;1;6274;6275;0.96158;1
5099;0;0;0;0.84944;0
5098;0;0;0;0.23141;0
5097;1;6272;6273;0.6357;1
5096;0;0;0;0.44713;0
5095;1;6270;6271;0.61678;4
5094;1;6268;6269;0.53015;2
5093;1;6266;6267;0.039301;9
5092;0;0;0;0.015899;0
5091;1;6264;6265;0.27136;2
5090;1;6262;6263;0.067874;11
5089;1;6260;6261;0.88804;7
5088;0;0;0;0.13671;0
5087;1;6258;6259;0.65972;4
5086;1;6256;6257;0.31235;6
5085;1;6254;6255;0.93105;7
5084;1;6252;6253;0.89856;3
5083;1;6250;6251;0.28203;8
5082;0;0;0;0.052696;0
5081;0;0;0;0.18682;0
5080;1;6248;6249;0.81063;3
5079;0;0;0;0.53144;0
5078;0;0;0;0.93641;0
5077;0;0;0;0.65583;0
5076;1;6246;6247;0.056881;6
5075;1;6244;6245;0.0026015;5
5074;1;6242;6243;0.75068;7
5073;0;0;0;0.45882;0
5072;0;0;0;0.19335;0
5071;0;0;0;0.84142;0
5070;1;6240;6241;0.10542;9
5069;1;6238;6239;0.81215;8
5068;1;6236;6237;0.11798;12
5067;1;6234;6235;0.90937;7
5066;0;0;0;0.21546;0
5065;0;0;0;0.068875;0
5064;1;6232;6233;0.10893;11
5063;0;0;0;0.67212;0
5062;0;0;0;0.86869;0
5061;1;6230;6231;0.96368;7
5060;0;0;0;0.056428;0
5059;1;6228;6229;0.00040643;5
5058;1;6226;6227;0.82382;7
5057;1;6224;6225;0.17282;2
5056;1;6222;6223;0.00031386;5
5055;1;6220;6221;0.27941;2
5054;0;0;0;0.086301;0
5053;0;0;0;0.19884;0
5052;0;0;0;0.80484;0
5051;1;6218;6219;0.76805;3
5050;1;6216;6217;0.48699;8
5049;0;0;0;0.20607;0
5048;1;6214;6215;0.58963;12
5047;0;0;0;0;0
5046;0;0;0;0.51445;0
5045;1;6212;6213;0.37397;10
5044;0;0;0;0.76642;0
5043;1;6210;6211;0.42508;4
5042;0;0;0;0.54423;0
5041;0;0;0;0.39406;0
5040;0;0;0;0.10358;0
5039;0;0;0;0.69973;0
5038;0;0;0;0.33535;0
5037;0;0;0;0.066944;0
5036;1;6208;6209;0.91756;7
5035;1;6206;6207;0.32215;2
5034;0;0;0;0.064718;0
5033;1;6204;6205;0.94899;6
5032;0;0;0;0.71128;0
5031;1;6202;6203;0.65348;3
5030;0;0;0;0.85493;0
5029;0;0;0;0.85458;0
5028;0;0;0;0.67282;0
5027;0;0;0;0.15831;0
5026;0;0;0;0.31214;0
5025;0;0;0;0.60631;0
5024;0;0;0;0.45846;0
5023;1;6200;6201;0.83641;9
5022;0;0;0;0.89184;0
5021;0;0;0;0.26217;0
5020;1;6198;6199;0.012009;5
5019;0;0;0;0.033994;0
5018;0;0;0;0.2445;0
5017;0;0;0;0.13294;0
5016;1;6196;6197;0.69188;6
5015;1;6194;6195;0.49223;3
5014;0;0;0;0.068524;0
5013;1;6192;6193;0.71243;8
5012;1;6190;6191;0.3305;3
5011;0;0;0;0.39736;0
5010;0;0;0;0.11421;0
5009;0;0;0;0.42635;0
5008;0;0;0;0.034467;0
5007;1;6188;6189;0.17618;12
5006;1;6186;6187;0.85493;7
5005;0;0;0;0.66719;0
5004;0;0;0;0.47479;0
5003;0;0;0;0.091752;0
5002;0;0;0;0.39043;0
5001;1;6184;6185;0.88396;8
5000;0;0;0;0.040201;0
4999;0;0;0;0.21423;0
4998;0;0;0;0.33925;0
4997;1;6182;6183;0.26589;9
4996;0;0;0;0.17359;0
4995;1;6180;6181;0.0018428;11
4994;0;0;0;0.1321;0
4993;0;0;0;0.67463;0
4992;0;0;0;0.25656;0
4991;0;0;0;0.11611;0
4990;1;6178;6179;0.45976;3
4989;0;0;0;0.14352;0
4988;0;0;0;0.47881;0
4987;1;6176;6177;0.11406;1
4986;1;6174;6175;0.70371;4
4985;0;0;0;0.77263;0
4984;0;0;0;0.44072;0
4983;1;6172;6173;0.45137;6
4982;1;6170;6171;0.00041145;5
4981;1;6168;6169;0.069523;11
4980;1;6166;6167;0.1597;2
4979;0;0;0;0.50414;0
4978;0;0;0;0.1609;0
4977;1;6164;6165;0.95864;6
4976;1;6162;6163;0.88631;7
4975;1;6160;6161;0.33294;8
4974;0;0;0;0.087299;0
4973;1;6158;6159;0.030538;5
4972;0;0;0;0.62484;0
4971;1;6156;6157;0.51739;4
4970;0;0;0;0.54855;0
4969;1;6154;6155;0.2054;10
4968;1;6152;6153;0.56474;2
4967;0;0;0;0.41151;0
4966;0;0;0;0.14239;0
4965;1;6150;6151;0.97818;4
4964;0;0;0;0.066748;0
4963;0;0;0;0.47142;0
4962;1;6148;6149;0.090323;11
4961;1;6146;6147;0.00034907;5
4960;1;6144;6145;0.87112;2
4959;1;6142;6143;0.68391;7
4958;1;6140;6141;0.89404;4
4957;1;6138;6139;0.0044296;5
4956;1;6136;6137;0.86934;1
4955;0;0;0;0.22684;0
4954;0;0;0;0.58093;0
4953;0;0;0;0.61392;0
4952;1;6134;6135;0.66256;2
4951;1;6132;6133;0.1105;9
4950;1;6130;6131;0.13367;5
4949;1;6128;6129;1.8279e-05;8
4948;0;0;0;0.14602;0
4947;1;6126;6127;0.63894;4
4946;0;0;0;0.1976;0
4945;1;6124;6125;0.14983;8
4944;1;6122;6123;0.73755;12
4943;1;6120;6121;0.78235;12
4942;1;6118;6119;0.093705;5
4941;1;6116;6117;0.56078;12
4940;1;6114;6115;0.14375;8
4939;0;0;0;0.63186;0
4938;0;0;0;0.21573;0
4937;1;6112;6113;0.81357;12
4936;0;0;0;0.060864;0
4935;1;6110;6111;0.16591;8
4934;1;6108;6109;0.53527;3
4933;0;0;0;0.54369;0
4932;0;0;0;0.32887;0
4931;0;0;0;0.25912;0
4930;0;0;0;0.035359;0
4929;1;6106;6107;0.41211;1
4928;1;6104;6105;0.67711;1
4927;1;6102;6103;0.59088;6
4926;0;0;0;0.24105;0
4925;0;0;0;0.102;0
4924;1;6100;6101;0.0213;8
4923;1;6098;6099;0.97686;6
4922;0;0;0;0.27734;0
4921;0;0;0;0.6301;0
4920;0;0;0;0.434;0
4919;1;6096;6097;0.56018;6
4918;1;6094;6095;0.99355;6
4917;0;0;0;0.11851;0
4916;1;6092;6093;0.28837;10
4915;0;0;0;0.45385;0
4914;1;6090;6091;0.41349;9
4913;0;0;0;0.0633;0
4912;1;6088;6089;0.44275;2
4911;1;6086;6087;0.23468;8
4910;1;6084;6085;0.19632;9
4909;1;6082;6083;0.15202;5
4908;1;6080;6081;0.24495;7
4907;1;6078;6079;0.75609;3
4906;1;6076;6077;0.77498;10
4905;1;6074;6075;0.001345;9
4904;1;6072;6073;0.10918;8
4903;0;0;0;0.7486;0
4902;0;0;0;0.34212;0
4901;1;6070;6071;0.99024;6
4900;1;6068;6069;0.26365;2
4899;0;0;0;0.2174;0
4898;1;6066;6067;0.78887;4
4897;1;6064;6065;0.011673;7
4896;0;0;0;0.10322;0
4895;0;0;0;0.073276;0
4894;1;6062;6063;0.91586;3
4893;1;6060;6061;0.083691;9
4892;0;0;0;0.20353;0
4891;0;0;0;0.43334;0
4890;0;0;0;0.046442;0
4889;1;6058;6059;0.2141;11
4888;0;0;0;0.11895;0
4887;0;0;0;0.67022;0
4886;0;0;0;0.33845;0
4885;0;0;0;0.33655;0
4884;0;0;0;0.54701;0
4883;0;0;0;0.10952;0
4882;0;0;0;0.37999;0
4881;0;0;0;0.06535;0
4880;1;6056;6057;0.64584;4
4879;0;0;0;0.48574;0
4878;0;0;0;0.16544;0
4877;1;6054;6055;0.68046;3
4876;0;0;0;0.15229;0
4875;1;6052;6053;0.60759;12
4874;1;6050;6051;0.94665;2
4873;0;0;0;0.056191;0
4872;1;6048;6049;0.7323;6
4871;0;0;0;0.27597;0
4870;1;6046;6047;0.99735;4
4869;1;6044;6045;0.35852;8
4868;0;0;0;0.03462;0
4867;0;0;0;0.2409;0
4866;1;6042;6043;0.16569;8
4865;0;0;0;0.54068;0
4864;1;6040;6041;0.94714;6
4863;0;0;0;0.73755;0
4862;1;6038;6039;0.2924;2
4861;0;0;0;0.13288;0
4860;1;6036;6037;0.064937;9
4859;0;0;0;0.70964;0
4858;1;6034;6035;0.21883;7
4857;1;6032;6033;0.025273;10
4856;0;0;0;0.028564;0
4855;1;6030;6031;0.043231;10
4854;1;6028;6029;0.58468;4
4853;0;0;0;0.5528;0
4852;0;0;0;0.84614;0
4851;0;0;0;0.31699;0
4850;1;6026;6027;0.84443;6
4849;0;0;0;0.23475;0
4848;0;0;0;0.73623;0
4847;0;0;0;0.31623;0
4846;0;0;0;0.56865;0
4845;0;0;0;0.53188;0
4844;1;6024;6025;0.05062;10
4843;0;0;0;0.035706;0
4842;1;6022;6023;0.55873;2
4841;0;0;0;0.14063;0
4840;0;0;0;0.54551;0
4839;0;0;0;0.665;0
4838;0;0;0;0.25547;0
4837;0;0;0;0.51559;0
4836;0;0;0;0.292;0
4835;1;6020;6021;0.087748;9
4834;1;6018;6019;0.86755;3
4833;1;6016;6017;0.5703;6
4832;1;6014;6015;0.55299;9
4831;1;6012;6013;0.43813;7
4830;0;0;0;0.55267;0
4829;1;6010;6011;0.47541;11
4828;0;0;0;0.035706;0
4827;0;0;0;0.052068;0
4826;1;6008;6009;0.7016;3
4825;0;0;0;0.074305;0
4824;0;0;0;0.43457;0
4823;0;0;0;0.64376;0
4822;0;0;0;0.39863;0
4821;0;0;0;0.71234;0
4820;1;6006;6007;0.74819;12
4819;1;6004;6005;0.33738;2
4818;0;0;0;0.59637;0
4817;0;0;0;0.67302;0
4816;0;0;0;0.46993;0
4815;1;6002;6003;0.53772;12
4814;1;6000;6001;0.53011;2
4813;0;0;0;0.33039;0
4812;0;0;0;0.50719;0
4811;0;0;0;0.25412;0
4810;0;0;0;0.61379;0
4809;0;0;0;0.02785;0
4808;1;5998;5999;0.71031;3
4807;1;5996;5997;0.60556;6
4806;1;5994;5995;0.39977;4
4805;1;5992;5993;0.59458;8
4804;1;5990;5991;0.72251;6
4803;1;5988;5989;0.47955;1
4802;0;0;0;0.054912;0
4801;1;5986;5987;0.97524;12
4800;1;5984;5985;0.45307;8
4799;0;0;0;0.72329;0
4798;0;0;0;0.38929;0
4797;0;0;0;0.42028;0
4796;0;0;0;0.67591;0
4795;0;0;0;0.031666;0
4794;0;0;0;0.46182;0
4793;0;0;0;0.29242;0
4792;1;5982;5983;0.92361;6
4791;0;0;0;0.10931;0
4790;0;0;0;0.32546;0
4789;1;5980;5981;0.58944;3
4788;0;0;0;0.32502;0
4787;1;5978;5979;0.37996;5
4786;0;0;0;0.099976;0
4785;0;0;0;0.35193;0
4784;0;0;0;0.53447;0
4783;0;0;0;0.5978;0
4782;0;0;0;0.3856;0
4781;0;0;0;0.26641;0
4780;0;0;0;0.56848;0
4779;1;5976;5977;0.10827;3
4778;0;0;0;0.29992;0
4777;1;5974;5975;0.5477;1
4776;0;0;0;0.14499;0
4775;1;5972;5973;0.60647;12
4774;0;0;0;0.14437;0
4773;0;0;0;0.097644;0
4772;1;5970;5971;0.41501;12
4771;0;0;0;0.060262;0
4770;1;5968;5969;0.90312;6
4769;1;5966;5967;0.53856;3
4768;0;0;0;0.035891;0
4767;0;0;0;0.30544;0
4766;0;0;0;0.61717;0
4765;0;0;0;0.48661;0
4764;1;5964;5965;0.63633;4
4763;1;5962;5963;0.25385;2
4762;1;5960;5961;0.60246;12
4761;0;0;0;0.42764;0
4760;1;5958;5959;0.077127;11
4759;1;5956;5957;0.96908;2
4758;0;0;0;0.40844;0
4757;0;0;0;0.51182;0
4756;0;0;0;0.21542;0
4755;0;0;0;0.65445;0
4754;0;0;0;0.25415;0
4753;0;0;0;0.246;0
4752;1;5954;5955;0.60029;1
4751;1;5952;5953;0.72844;7
4750;1;5950;5951;0.36938;2
4749;0;0;0;0.12293;0
4748;1;5948;5949;0.52094;2
4747;0;0;0;0.49698;0
4746;0;0;0;0.87072;0
4745;1;5946;5947;0.020393;5
4744;1;5944;5945;0.0041666;5
4743;0;0;0;0.59641;0
4742;1;5942;5943;0.43595;12
4741;0;0;0;0.81677;0
4740;1;5940;5941;0.0048439;10
4739;1;5938;5939;0.51397;1
4738;0;0;0;0.78223;0
4737;0;0;0;0.25168;0
4736;1;5936;5937;0.13527;9
4735;0;0;0;0.57601;0
4734;0;0;0;0.32082;0
4733;1;5934;5935;0.0015526;5
4732;1;5932;5933;0.9022;3
4731;0;0;0;0.85984;0
4730;1;5930;5931;0.072027;2
4729;1;5928;5929;0.29511;3
4728;0;0;0;0.21812;0
4727;0;0;0;0.39227;0
4726;1;5926;5927;0.14357;11
4725;0;0;0;0.020258;0
4724;0;0;0;0.32571;0
4723;0;0;0;0.69287;0
4722;0;0;0;0.90877;0
4721;1;5924;5925;0.99561;8
4720;0;0;0;0.72103;0
4719;1;5922;5923;0.24368;10
4718;0;0;0;0.73286;0
4717;1;5920;5921;0.74397;8
4716;0;0;0;0.68989;0
4715;0;0;0;0.076903;0
4714;0;0;0;0.83572;0
4713;0;0;0;0.7391;0
4712;1;5918;5919;0.65528;10
4711;1;5916;5917;0.15118;2
4710;1;5914;5915;0.056363;3
4709;1;5912;5913;0.59143;10
4708;1;5910;5911;0.92864;10
4707;0;0;0;0.2954;0
4706;0;0;0;0.60843;0
4705;0;0;0;0.73148;0
4704;1;5908;5909;0.38533;4
4703;0;0;0;0.16405;0
4702;1;5906;5907;0.9036;10
4701;0;0;0;0.47697;0
4700;0;0;0;0.73828;0
4699;0;0;0;0.54537;0
4698;0;0;0;0.49181;0
4697;0;0;0;0.81592;0
4696;0;0;0;0.59067;0
4695;0;0;0;0.39131;0
4694;1;5904;5905;0.58487;2
4693;0;0;0;0.52511;0
4692;0;0;0;0.19801;0
4691;1;5902;5903;0.89613;8
4690;1;5900;5901;0.10363;3
4689;0;0;0;0.07701;0
4688;1;5898;5899;0.9077;8
4687;1;5896;5897;0.32862;2
4686;1;5894;5895;0.085786;9
4685;1;5892;5893;0.10064;3
4684;0;0;0;0.38711;0
4683;0;0;0;0.34449;0
4682;1;5890;5891;0.10555;9
4681;1;5888;5889;0.91473;8
4680;1;5886;5887;0.99148;6
4679;0;0;0;0.38658;0
4678;0;0;0;0.24679;0
4677;1;5884;5885;0.10062;10
4676;1;5882;5883;0.75942;4
4675;0;0;0;0.55494;0
4674;1;5880;5881;0.80895;8
4673;0;0;0;0.86234;0
4672;1;5878;5879;0.065692;9
4671;0;0;0;0.32389;0
4670;0;0;0;0.10366;0
4669;1;5876;5877;0.070039;7
4668;1;5874;5875;0.27416;5
4667;1;5872;5873;0.7091;2
4666;1;5870;5871;0.93468;6
4665;1;5868;5869;0.025926;5
4664;0;0;0;0.2785;0
4663;0;0;0;0.91327;0
4662;0;0;0;0.41955;0
4661;0;0;0;0.5385;0
4660;0;0;0;0.26922;0
4659;1;5866;5867;0.98327;1
4658;0;0;0;0.05645;0
4657;1;5864;5865;0.92908;2
4656;1;5862;5863;0.89914;1
4655;0;0;0;0.5828;0
4654;0;0;0;0.7894;0
4653;1;5860;5861;0.41457;3
4652;1;5858;5859;0.29007;10
4651;1;5856;5857;0.99744;4
4650;1;5854;5855;0.16687;6
4649;0;0;0;0.50841;0
4648;0;0;0;0.69519;0
4647;1;5852;5853;0.59958;7
4646;1;5850;5851;0.75978;8
4645;0;0;0;0.13413;0
4644;0;0;0;0.42115;0
4643;0;0;0;0.68263;0
4642;1;5848;5849;0.14504;3
4641;1;5846;5847;0.67474;10
4640;0;0;0;0.80804;0
4639;0;0;0;0.67516;0
4638;0;0;0;0.80647;0
4637;1;5844;5845;0.94892;1
4636;0;0;0;0.54407;0
4635;1;5842;5843;0.10409;3
4634;0;0;0;0.45507;0
4633;1;5840;5841;0.11785;9
4632;0;0;0;0.54006;0
4631;1;5838;5839;0.25141;7
4630;1;5836;5837;0.78494;11
4629;1;5834;5835;0.23121;3
4628;0;0;0;0.56754;0
4627;0;0;0;0.13663;0
4626;1;5832;5833;0.23654;3
4625;0;0;0;0.39151;0
4624;1;5830;5831;0.1166;3
4623;0;0;0;0.34455;0
4622;0;0;0;0.14203;0
4621;0;0;0;0.038271;0
4620;0;0;0;0.44442;0
4619;0;0;0;0.26894;0
4618;1;5828;5829;0.63133;7
4617;0;0;0;0.47548;0
4616;1;5826;5827;0.019502;5
4615;0;0;0;0.55424;0
4614;0;0;0;0.33076;0
4613;0;0;0;0.37815;0
4612;0;0;0;0.26864;0
4611;0;0;0;0.8209;0
4610;0;0;0;0.41478;0
4609;1;5824;5825;0.73427;2
4608;1;5822;5823;0.29484;10
4607;0;0;0;0.92676;0
4606;0;0;0;0.79453;0
4605;1;5820;5821;0.97481;9
4604;1;5818;5819;0.98602;12
4603;0;0;0;0.5123;0
4602;0;0;0;0.25916;0
4601;1;5816;5817;0.99257;2
4600;1;5814;5815;0.45566;11
4599;1;5812;5813;0.62199;11
4598;0;0;0;0.10728;0
4597;0;0;0;0.051027;0
4596;0;0;0;0.38193;0
4595;0;0;0;0.044113;0
4594;0;0;0;0.36131;0
4593;1;5810;5811;0.5644;3
4592;0;0;0;0.72999;0
4591;1;5808;5809;0.80702;10
4590;0;0;0;0.11446;0
4589;0;0;0;0.48491;0
4588;0;0;0;0.67066;0
4587;1;5806;5807;0.25056;3
4586;1;5804;5805;0.72832;4
4585;0;0;0;0.063559;0
4584;0;0;0;0.30778;0
4583;1;5802;5803;0.25086;3
4582;1;5800;5801;0.77654;12
4581;1;5798;5799;0.62729;2
4580;0;0;0;0.71121;0
4579;1;5796;5797;0.3664;12
4578;1;5794;5795;0.2403;12
4577;0;0;0;0.56762;0
4576;1;5792;5793;0.29533;12
4575;0;0;0;0.67734;0
4574;1;5790;5791;0.53927;8
4573;1;5788;5789;0.041428;6
4572;1;5786;5787;0.23958;12
4571;1;5784;5785;0.8264;6
4570;1;5782;5783;0.4541;2
4569;1;5780;5781;0.63775;3
4568;1;5778;5779;0.089907;12
4567;1;5776;5777;0.78774;11
4566;1;5774;5775;0.76113;12
4565;1;5772;5773;0.3543;12
4564;1;5770;5771;0.53805;12
4563;1;5768;5769;0.5657;4
4562;0;0;0;0.1212;0
4561;1;5766;5767;0.84759;10
4560;1;5764;5765;0.16881;3
4559;1;5762;5763;0.16346;6
4558;0;0;0;0.19935;0
4557;0;0;0;0.45724;0
4556;0;0;0;0.076274;0
4555;1;5760;5761;0.41537;2
4554;1;5758;5759;0.59339;12
4553;1;5756;5757;0.048544;3
4552;1;5754;5755;0.98797;1
4551;0;0;0;0.53946;0
4550;0;0;0;0.71849;0
4549;1;5752;5753;0.30579;2
4548;0;0;0;0.37286;0
4547;0;0;0;0.71378;0
4546;1;5750;5751;0.67215;10
4545;0;0;0;0.093354;0
4544;0;0;0;0.48806;0
4543;1;5748;5749;0.30218;3
4542;1;5746;5747;0.57769;10
4541;1;5744;5745;0.22761;3
4540;1;5742;5743;0.42449;3
4539;1;5740;5741;0.58466;8
4538;0;0;0;0.15454;0
4537;1;5738;5739;0.22593;2
4536;0;0;0;0.77383;0
4535;1;5736;5737;0.53502;8
4534;1;5734;5735;0.010598;2
4533;0;0;0;0.65911;0
4532;1;5732;5733;0.022229;2
4531;1;5730;5731;0.51186;8
4530;1;5728;5729;0.99951;10
4529;1;5726;5727;0.71689;3
4528;1;5724;5725;0.50109;12
4527;1;5722;5723;0.13071;8
4526;1;5720;5721;0.98567;10
4525;1;5718;5719;0.032691;2
4524;1;5716;5717;0.53275;3
4523;1;5714;5715;0.75654;2
4522;1;5712;5713;0.42629;7
4521;1;5710;5711;0.10311;5
4520;1;5708;5709;0.14824;3
4519;1;5706;5707;0.080991;2
4518;1;5704;5705;0.082149;5
4517;1;5702;5703;0.50431;10
4516;1;5700;5701;0.015716;5
4515;1;5698;5699;0.064679;9
4514;0;0;0;0.47142;0
4513;1;5696;5697;0.99953;6
4512;1;5694;5695;0.60353;11
4511;1;5692;5693;0.61728;8
4510;0;0;0;0.83066;0
4509;1;5690;5691;0.79052;4
4508;0;0;0;0.20815;0
4507;1;5688;5689;0.99799;1
4506;1;5686;5687;0.43122;8
4505;0;0;0;0.39709;0
4504;0;0;0;0.28113;0
4503;1;5684;5685;0.030262;3
4502;1;5682;5683;0.00067646;8
4501;1;5680;5681;0.030003;5
4500;1;5678;5679;0.6113;12
4499;1;5676;5677;0.031872;5
4498;1;5674;5675;0.081959;8
4497;0;0;0;0.3057;0
4496;1;5672;5673;0.38435;12
4495;1;5670;5671;0.04658;5
4494;1;5668;5669;0.090646;3
4493;0;0;0;0.71235;0
4492;1;5666;5667;0.67312;4
4491;0;0;0;0.21611;0
4490;1;5664;5665;0.88996;2
4489;1;5662;5663;0.65486;2
4488;1;5660;5661;0.69773;1
4487;1;5658;5659;0.052237;3
4486;1;5656;5657;0.42935;6
4485;1;5654;5655;0.91163;4
4484;0;0;0;0.6544;0
4483;1;5652;5653;0.81093;1
4482;0;0;0;0.46779;0
4481;1;5650;5651;0.50514;7
4480;0;0;0;0.39306;0
4479;1;5648;5649;0.6815;2
4478;1;5646;5647;0.10222;2
4477;0;0;0;0.58009;0
4476;0;0;0;0.346;0
4475;1;5644;5645;0.0043394;5
4474;1;5642;5643;0.99523;10
4473;1;5640;5641;0.31771;2
4472;0;0;0;0.76757;0
4471;1;5638;5639;0.96243;1
4470;0;0;0;0.4014;0
4469;1;5636;5637;0.012241;5
4468;0;0;0;0.34068;0
4467;1;5634;5635;0.0034024;5
4466;1;5632;5633;0.014865;3
4465;1;5630;5631;0.032139;9
4464;1;5628;5629;0.50774;2
4463;1;5626;5627;0.65267;11
4462;0;0;0;0.80729;0
4461;0;0;0;0.85721;0
4460;1;5624;5625;0.042505;9
4459;1;5622;5623;0.97421;11
4458;1;5620;5621;0.93567;9
4457;1;5618;5619;0.59178;11
4456;0;0;0;0.59139;0
4455;1;5616;5617;0.90895;10
4454;1;5614;5615;0.61509;8
4453;0;0;0;0.24418;0
4452;1;5612;5613;0.32628;6
4451;1;5610;5611;0.73606;6
4450;1;5608;5609;0.40663;9
4449;1;5606;5607;0.38381;8
4448;1;5604;5605;0.61988;12
4447;1;5602;5603;0.10905;8
4446;1;5600;5601;0.053447;12
4445;0;0;0;0.20967;0
4444;0;0;0;0.88841;0
4443;0;0;0;0.766;0
4442;0;0;0;0.063503;0
4441;1;5598;5599;0.76024;3
4440;1;5596;5597;0.092692;8
4439;0;0;0;0.43754;0
4438;0;0;0;0.86699;0
4437;1;5594;5595;0.8627;1
4436;1;5592;5593;0.93782;2
4435;1;5590;5591;0.35143;3
4434;1;5588;5589;0.38832;2
4433;0;0;0;0.50588;0
4432;0;0;0;0.27489;0
4431;0;0;0;0.63665;0
4430;1;5586;5587;0.11579;3
4429;1;5584;5585;0.21843;8
4428;0;0;0;0.11283;0
4427;0;0;0;0.4215;0
4426;0;0;0;0.26223;0
4425;0;0;0;0.092919;0
4424;0;0;0;0.44466;0
4423;1;5582;5583;0.29611;1
4422;0;0;0;0.059544;0
4421;1;5580;5581;0.90814;7
4420;0;0;0;0.086705;0
4419;0;0;0;0.72141;0
4418;0;0;0;0.50185;0
4417;0;0;0;0.28355;0
4416;0;0;0;0.45584;0
4415;1;5578;5579;0.9672;6
4414;0;0;0;0.037358;0
4413;1;5576;5577;0.72673;3
4412;1;5574;5575;0.47389;12
4411;1;5572;5573;0.60228;12
4410;1;5570;5571;0.98509;6
4409;0;0;0;0.13897;0
4408;0;0;0;0.5575;0
4407;0;0;0;0.1173;0
4406;1;5568;5569;0.74551;6
4405;1;5566;5567;0.31998;2
4404;1;5564;5565;0.62962;4
4403;1;5562;5563;0.79513;3
4402;0;0;0;0.080648;0
4401;1;5560;5561;0.69765;12
4400;1;5558;5559;0.909;6
4399;0;0;0;0.51403;0
4398;0;0;0;0.7316;0
4397;1;5556;5557;0.57982;3
4396;1;5554;5555;0.17744;2
4395;1;5552;5553;0.60906;4
4394;0;0;0;0.3067;0
4393;0;0;0;0.61204;0
4392;0;0;0;0.10676;0
4391;0;0;0;0.40707;0
4390;1;5550;5551;0.18708;9
4389;0;0;0;0.49799;0
4388;0;0;0;0.075798;0
4387;0;0;0;0.1223;0
4386;1;5548;5549;0.0047094;12
4385;1;5546;5547;0.27595;8
4384;1;5544;5545;0.50203;1
4383;1;5542;5543;0.72842;11
4382;0;0;0;0.19426;0
4381;0;0;0;0.061821;0
4380;0;0;0;0.51283;0
4379;0;0;0;0.22785;0
4378;1;5540;5541;0.95286;9
4377;0;0;0;0.15232;0
4376;1;5538;5539;0.32479;6
4375;1;5536;5537;0.62839;1
4374;1;5534;5535;0.65429;7
4373;1;5532;5533;0.835;3
4372;0;0;0;0.68132;0
4371;0;0;0;0.29809;0
4370;0;0;0;0.49547;0
4369;0;0;0;0.31349;0
4368;1;5530;5531;0.28234;4
4367;0;0;0;0.44794;0
4366;0;0;0;0.66254;0
4365;0;0;0;0.11209;0
4364;1;5528;5529;0.25604;12
4363;0;0;0;0.15353;0
4362;0;0;0;0.4902;0
4361;0;0;0;0.29675;0
4360;0;0;0;0.70408;0
4359;1;5526;5527;0.97499;1
4358;1;5524;5525;0.39078;6
4357;1;5522;5523;0.016075;9
4356;1;5520;5521;0.054619;9
4355;1;5518;5519;0.76185;4
4354;1;5516;5517;0.61816;8
4353;1;5514;5515;0.26448;7
4352;1;5512;5513;0.19805;8
4351;1;5510;5511;0.26341;3
4350;0;0;0;0.73678;0
4349;0;0;0;0.095575;0
4348;0;0;0;0.32952;0
4347;1;5508;5509;0.30058;8
4346;0;0;0;0.12367;0
4345;1;5506;5507;0.34934;3
4344;1;5504;5505;0.17005;10
4343;0;0;0;0.77435;0
4342;0;0;0;0.42675;0
4341;1;5502;5503;0.79119;4
4340;1;5500;5501;0.89248;1
4339;1;5498;5499;0.37689;8
4338;1;5496;5497;0.57576;3
4337;1;5494;5495;0.11614;10
4336;0;0;0;0.86815;0
4335;1;5492;5493;0.032662;5
4334;1;5490;5491;0.90885;6
4333;1;5488;5489;0.86353;1
4332;1;5486;5487;0.18412;9
4331;1;5484;5485;0.33882;7
4330;0;0;0;0.6358;0
4329;1;5482;5483;0.25618;2
4328;1;5480;5481;0.32487;12
4327;1;5478;5479;0.56144;4
4326;1;5476;5477;0.076892;9
4325;0;0;0;0.3759;0
4324;0;0;0;0.58763;0
4323;1;5474;5475;0.24245;12
4322;1;5472;5473;0.61799;12
4321;1;5470;5471;0.3758;10
4320;1;5468;5469;0.15569;3
4319;1;5466;5467;0.27434;4
4318;1;5464;5465;0.29823;10
4317;1;5462;5463;0.58399;12
4316;1;5460;5461;0.15741;10
4315;0;0;0;0.7303;0
4314;1;5458;5459;0.38638;5
4313;1;5456;5457;0.71784;6
4312;0;0;0;0.021117;0
4311;0;0;0;0.48834;0
4310;1;5454;5455;0.93864;6
4309;0;0;0;0.37057;0
4308;0;0;0;0.23345;0
4307;0;0;0;0.10864;0
4306;0;0;0;0.6843;0
4305;1;5452;5453;0.64892;2
4304;1;5450;5451;0.83892;4
4303;1;5448;5449;0.65697;6
4302;1;5446;5447;0.93804;6
4301;1;5444;5445;0.53849;3
4300;1;5442;5443;0.63367;4
4299;1;5440;5441;0.44365;3
4298;0;0;0;0.87215;0
4297;0;0;0;0.19014;0
4296;0;0;0;0.74905;0
4295;1;5438;5439;0.8723;4
4294;0;0;0;0.34616;0
4293;1;5436;5437;0.23274;8
4292;1;5434;5435;0.28422;8
4291;0;0;0;0.65593;0
4290;1;5432;5433;0.80452;2
4289;1;5430;5431;0.029683;5
4288;1;5428;5429;0.44058;2
4287;0;0;0;0.85997;0
4286;0;0;0;0.27634;0
4285;1;5426;5427;0.23224;2
4284;0;0;0;0.40059;0
4283;0;0;0;0.46646;0
4282;1;5424;5425;0.64705;6
4281;0;0;0;0.83672;0
4280;1;5422;5423;0.19243;3
4279;0;0;0;0.26505;0
4278;0;0;0;0.55478;0
4277;1;5420;5421;0.52965;4
4276;1;5418;5419;0.22913;12
4275;1;5416;5417;0.64021;11
4274;1;5414;5415;0.33519;7
4273;0;0;0;0.442;0
4272;0;0;0;0.17528;0
4271;0;0;0;0.23881;0
4270;0;0;0;0.076558;0
4269;0;0;0;0.12504;0
4268;1;5412;5413;0.23688;3
4267;1;5410;5411;0.31133;8
4266;1;5408;5409;0.26698;12
4265;0;0;0;0.26266;0
4264;0;0;0;0.53929;0
4263;1;5406;5407;0.92577;4
4262;0;0;0;0.34377;0
4261;1;5404;5405;0.43507;6
4260;1;5402;5403;0.12896;9
4259;1;5400;5401;0.013454;3
4258;0;0;0;0.42831;0
4257;1;5398;5399;0.018451;6
4256;1;5396;5397;0.98343;1
4255;0;0;0;0.71632;0
4254;0;0;0;0.14493;0
4253;1;5394;5395;0.063421;5
4252;0;0;0;0.81505;0
4251;1;5392;5393;0.38311;8
4250;1;5390;5391;0.049838;9
4249;1;5388;5389;0.14837;9
4248;1;5386;5387;0.14415;10
4247;0;0;0;0.53389;0
4246;1;5384;5385;0.24476;10
4245;0;0;0;0.48111;0
4244;0;0;0;0.086776;0
4243;0;0;0;0.19395;0
4242;0;0;0;0.33834;0
4241;0;0;0;0.13074;0
4240;1;5382;5383;0.013091;5
4239;1;5380;5381;0.3474;11
4238;0;0;0;0.12475;0
4237;1;5378;5379;0.89663;4
4236;1;5376;5377;0.58243;6
4235;0;0;0;0.56021;0
4234;0;0;0;0.43927;0
4233;0;0;0;0.15771;0
4232;0;0;0;0.5363;0
4231;1;5374;5375;0.00798;5
4230;0;0;0;0.59769;0
4229;1;5372;5373;0.73185;7
4228;0;0;0;0.79914;0
4227;1;5370;5371;0.44761;11
4226;0;0;0;0.051343;0
4225;1;5368;5369;0.57677;12
4224;0;0;0;0.75573;0
4223;0;0;0;0.86045;0
4222;0;0;0;0.56294;0
4221;1;5366;5367;0.087285;9
4220;1;5364;5365;0.13553;10
4219;1;5362;5363;0.15995;10
4218;0;0;0;0.84807;0
4217;0;0;0;0.61112;0
4216;0;0;0;0.27459;0
4215;0;0;0;0.6755;0
4214;1;5360;5361;0.32933;2
4213;0;0;0;0.41448;0
4212;0;0;0;0.6791;0
4211;0;0;0;0.47707;0
4210;1;5358;5359;0.27952;7
4209;0;0;0;0.25296;0
4208;0;0;0;0.65009;0
4207;1;5356;5357;0.072867;9
4206;0;0;0;0.5045;0
4205;0;0;0;0.3873;0
4204;0;0;0;0.24713;0
4203;0;0;0;0.29369;0
4202;0;0;0;0.59142;0
4201;1;5354;5355;0.79322;11
4200;0;0;0;0.80524;0
4199;0;0;0;0.86218;0
4198;1;5352;5353;0.25611;2
4197;0;0;0;0.2546;0
4196;0;0;0;0.62752;0
4195;0;0;0;0.49067;0
4194;0;0;0;0.23454;0
4193;0;0;0;0.56356;0
4192;0;0;0;0.78396;0
4191;0;0;0;0.18435;0
4190;1;5350;5351;0.16952;8
4189;0;0;0;0.082063;0
4188;0;0;0;0.29055;0
4187;0;0;0;0.41661;0
4186;1;5348;5349;0.72475;1
4185;0;0;0;0.60537;0
4184;0;0;0;0.15186;0
4183;0;0;0;0.47815;0
4182;1;5346;5347;0.37723;1
4181;1;5344;5345;0.14202;7
4180;1;5342;5343;0.012029;5
4179;1;5340;5341;0.76301;6
4178;0;0;0;0.51437;0
4177;1;5338;5339;0.42892;3
4176;0;0;0;0.29044;0
4175;1;5336;5337;0.00047882;5
4174;0;0;0;0.19974;0
4173;0;0;0;0.57763;0
4172;0;0;0;0.67107;0
4171;0;0;0;0.64516;0
4170;0;0;0;0.49391;0
4169;0;0;0;0.21711;0
4168;1;5334;5335;0.10554;3
4167;1;5332;5333;0.0387;6
4166;0;0;0;0.055215;0
4165;1;5330;5331;0.13222;12
4164;1;5328;5329;0.092441;12
4163;1;5326;5327;0.43348;12
4162;0;0;0;0.05792;0
4161;1;5324;5325;0.30992;3
4160;1;5322;5323;0.98728;3
4159;1;5320;5321;0.44676;12
4158;1;5318;5319;0.99527;3
4157;1;5316;5317;0.18206;2
4156;1;5314;5315;0.080992;11
4155;0;0;0;0.072929;0
4154;1;5312;5313;0.63107;8
4153;1;5310;5311;0.0075831;5
4152;1;5308;5309;0.0016753;11
4151;0;0;0;0.66907;0
4150;0;0;0;0.16173;0
4149;0;0;0;0.19165;0
4148;0;0;0;0.64128;0
4147;1;5306;5307;0.13071;11
4146;1;5304;5305;0.15618;4
4145;1;5302;5303;0.94868;7
4144;0;0;0;0.8999;0
4143;0;0;0;0.115;0
4142;0;0;0;0.30201;0
4141;0;0;0;0.24219;0
4140;0;0;0;0.48406;0
4139;0;0;0;0.07601;0
4138;0;0;0;0.35955;0
4137;1;5300;5301;0.0431;5
4136;0;0;0;0.14536;0
4135;0;0;0;0.23216;0
4134;1;5298;5299;0.58716;3
4133;0;0;0;0.51981;0
4132;0;0;0;0.035237;0
4131;1;5296;5297;0.25582;5
4130;0;0;0;0.31458;0
4129;1;5294;5295;0.61778;4
4128;1;5292;5293;0.42698;8
4127;1;5290;5291;0.18112;11
4126;1;5288;5289;0.095716;5
4125;1;5286;5287;0.048888;5
4124;1;5284;5285;0.50577;4
4123;1;5282;5283;0.48688;10
4122;1;5280;5281;0.12989;10
4121;1;5278;5279;0.92116;2
4120;1;5276;5277;0.1896;10
4119;1;5274;5275;0.33953;8
4118;1;5272;5273;0.86189;6
4117;0;0;0;0.26466;0
4116;1;5270;5271;0.7256;4
4115;1;5268;5269;0.03466;5
4114;1;5266;5267;0.64708;5
4113;0;0;0;0.23295;0
4112;1;5264;5265;0.50479;8
4111;1;5262;5263;0.053494;11
4110;1;5260;5261;0.89649;6
4109;1;5258;5259;0.61259;12
4108;1;5256;5257;0.82415;8
4107;0;0;0;0.18561;0
4106;1;5254;5255;0.24168;10
4105;1;5252;5253;0.92921;6
4104;1;5250;5251;0.08999;2
4103;1;5248;5249;0.9914;6
4102;1;5246;5247;0.15569;9
4101;1;5244;5245;0.72853;4
4100;1;5242;5243;0.42948;8
4099;1;5240;5241;0.95697;6
4098;1;5238;5239;0.36329;1
4097;0;0;0;0.67354;0
4096;0;0;0;0.81342;0
4095;1;5236;5237;0.23772;10
4094;1;5234;5235;0.17183;11
4093;0;0;0;0.65515;0
4092;1;5232;5233;0.38662;8
4091;1;5230;5231;0.0021914;9
4090;1;5228;5229;0.14059;11
4089;1;5226;5227;0.45861;3
4088;1;5224;5225;0.99966;6
4087;1;5222;5223;0.98558;6
4086;1;5220;5221;0.82918;8
4085;0;0;0;0.88393;0
4084;1;5218;5219;0.76475;3
4083;1;5216;5217;0.22404;11
4082;1;5214;5215;0.55814;12
4081;1;5212;5213;0.68942;1
4080;1;5210;5211;0.73587;4
4079;1;5208;5209;0.83066;12
4078;0;0;0;0.8905;0
4077;1;5206;5207;0.78056;7
4076;1;5204;5205;0.27431;1
4075;1;5202;5203;0.27176;11
4074;1;5200;5201;0.80887;7
4073;0;0;0;0.023999;0
4072;1;5198;5199;0.87878;7
4071;1;5196;5197;0.12543;12
4070;0;0;0;0.10891;0
4069;0;0;0;0.037178;0
4068;0;0;0;0.67839;0
4067;1;5194;5195;0.047196;9
4066;1;5192;5193;0.77769;4
4065;1;5190;5191;0.89893;1
4064;0;0;0;0.51721;0
4063;1;5188;5189;0.93254;8
4062;1;5186;5187;0.77068;8
4061;1;5184;5185;0.10842;11
4060;1;5182;5183;0.30936;5
4059;1;5180;5181;0.055461;5
4058;1;5178;5179;0.48515;2
4057;1;5176;5177;0.55015;1
4056;1;5174;5175;0.0084123;3
4055;1;5172;5173;0.38108;6
4054;1;5170;5171;0.61409;2
4053;1;5168;5169;0.92797;10
4052;1;5166;5167;0.42171;5
4051;1;5164;5165;0.20498;5
4050;1;5162;5163;0.02888;5
4049;0;0;0;0.26292;0
4048;0;0;0;0.11172;0
4047;0;0;0;0.62087;0
4046;1;5160;5161;0.63413;4
4045;1;5158;5159;0.92912;7
4044;1;5156;5157;0.075399;11
4043;0;0;0;0.1986;0
4042;1;5154;5155;0.30748;8
4041;1;5152;5153;0.27197;10
4040;0;0;0;0.57068;0
4039;0;0;0;0.60453;0
4038;0;0;0;0.36556;0
4037;1;5150;5151;0.56274;3
4036;1;5148;5149;0.46343;4
4035;0;0;0;0.84102;0
4034;0;0;0;0.31906;0
4033;0;0;0;0.052495;0
4032;0;0;0;0.24824;0
4031;1;5146;5147;0.34883;8
4030;0;0;0;0.24609;0
4029;0;0;0;0.11511;0
4028;1;5144;5145;0.32606;8
4027;0;0;0;0.50262;0
4026;0;0;0;0.17571;0
4025;0;0;0;0.41864;0
4024;1;5142;5143;0.016456;5
4023;1;5140;5141;0.5876;3
4022;1;5138;5139;0.23545;12
4021;1;5136;5137;0.015467;9
4020;0;0;0;0.62834;0
4019;1;5134;5135;0.98306;6
4018;0;0;0;0.46203;0
4017;0;0;0;0.24489;0
4016;1;5132;5133;0.43615;3
4015;1;5130;5131;0.92315;8
4014;1;5128;5129;0.6989;6
4013;0;0;0;0.76313;0
4012;0;0;0;0.1994;0
4011;1;5126;5127;0.27898;1
4010;1;5124;5125;0.86751;6
4009;1;5122;5123;0.54903;8
4008;0;0;0;0.16534;0
4007;1;5120;5121;0.85537;8
4006;1;5118;5119;0.035941;3
4005;1;5116;5117;0.82689;4
4004;1;5114;5115;0.36211;3
4003;1;5112;5113;0.95517;12
4002;0;0;0;0.022061;0
4001;0;0;0;0.05677;0
4000;1;5110;5111;0.71014;12
3999;1;5108;5109;0.1298;9
3998;1;5106;5107;0.51157;8
3997;0;0;0;0.87748;0
3996;1;5104;5105;0.14892;9
3995;1;5102;5103;0.10861;11
3994;1;5100;5101;0.73279;8
3993;1;5098;5099;0.98719;6
3992;1;5096;5097;0.0284;9
3991;0;0;0;0.10736;0
3990;1;5094;5095;0.85178;2
3989;1;5092;5093;0.32823;2
3988;1;5090;5091;0.98555;7
3987;1;5088;5089;0.91509;4
3986;1;5086;5087;0.91509;7
3985;1;5084;5085;0.074824;9
3984;1;5082;5083;0.010255;11
3983;1;5080;5081;0.54384;6
3982;1;5078;5079;0.05647;11
3981;0;0;0;0.052296;0
3980;1;5076;5077;0.16734;11
3979;1;5074;5075;0.66757;12
3978;1;5072;5073;0.19578;10
3977;1;5070;5071;0.83215;8
3976;1;5068;5069;0.67729;12
3975;0;0;0;0.59416;0
3974;0;0;0;0.30244;0
3973;1;5066;5067;0.4022;8
3972;0;0;0;0.78805;0
3971;0;0;0;0.48695;0
3970;1;5064;5065;0.82828;12
3969;0;0;0;0;0
3968;1;5062;5063;0.95707;8
3967;1;5060;5061;0.2064;2
3966;0;0;0;0.77447;0
3965;1;5058;5059;0.80745;6
3964;1;5056;5057;0.93892;7
3963;1;5054;5055;0.0049494;9
3962;1;5052;5053;0.071227;11
3961;1;5050;5051;0.069489;11
3960;0;0;0;0.93155;0
3959;0;0;0;0.045619;0
3958;1;5048;5049;0.51727;6
3957;0;0;0;0.6342;0
3956;0;0;0;0.30467;0
3955;1;5046;5047;7.2319e-05;5
3954;0;0;0;0.51931;0
3953;1;5044;5045;0.45386;4
3952;0;0;0;0.83436;0
3951;1;5042;5043;0.0026687;5
3950;0;0;0;0.72614;0
3949;1;5040;5041;0.99933;6
3948;1;5038;5039;0.99567;1
3947;0;0;0;0.49168;0
3946;0;0;0;0.24419;0
3945;0;0;0;0.76008;0
3944;1;5036;5037;0.73705;10
3943;0;0;0;0.93998;0
3942;0;0;0;0.57415;0
3941;0;0;0;0.11559;0
3940;0;0;0;0.27423;0
3939;0;0;0;0.7991;0
3938;0;0;0;0.94873;0
3937;0;0;0;0.36855;0
3936;0;0;0;0.089883;0
3935;0;0;0;0.47296;0
3934;0;0;0;0.87847;0
3933;1;5034;5035;0.6313;8
3932;0;0;0;0.22075;0
3931;1;5032;5033;0.46567;12
3930;1;5030;5031;0.47949;6
3929;1;5028;5029;0.12671;1
3928;0;0;0;0.96729;0
3927;1;5026;5027;0.9823;2
3926;1;5024;5025;0.6671;6
3925;1;5022;5023;0.84778;6
3924;1;5020;5021;0.19595;1
3923;1;5018;5019;0.09142;3
3922;1;5016;5017;0.52847;3
3921;1;5014;5015;0.0047659;5
3920;1;5012;5013;0.13826;2
3919;1;5010;5011;0.39696;12
3918;1;5008;5009;0.15931;2
3917;1;5006;5007;0.86594;4
3916;1;5004;5005;0.030565;9
3915;0;0;0;0.40225;0
3914;0;0;0;0.63198;0
3913;1;5002;5003;0.48581;2
3912;0;0;0;0.0077285;0
3911;0;0;0;0.15059;0
3910;1;5000;5001;0.60956;8
3909;0;0;0;0.076208;0
3908;0;0;0;0.91678;0
3907;0;0;0;0.89611;0
3906;1;4998;4999;0.92168;6
3905;0;0;0;0.18846;0
3904;0;0;0;0.8562;0
3903;0;0;0;0.074075;0
3902;1;4996;4997;0.97901;2
3901;0;0;0;0.8748;0
3900;0;0;0;0.19005;0
3899;1;4994;4995;0.13615;2
3898;1;4992;4993;0.94459;2
3897;1;4990;4991;0.21769;11
3896;1;4988;4989;0.2586;10
3895;1;4986;4987;0.39465;3
3894;1;4984;4985;0.28443;10
3893;1;4982;4983;0.69408;12
3892;1;4980;4981;0.0042051;5
3891;1;4978;4979;0.26451;11
3890;0;0;0;0.065088;0
3889;1;4976;4977;0.24439;2
3888;1;4974;4975;0.18595;2
3887;1;4972;4973;0.21681;1
3886;1;4970;4971;0.000224;5
3885;0;0;0;0.34192;0
3884;0;0;0;0.65773;0
3883;1;4968;4969;0.11471;11
3882;0;0;0;0.21932;0
3881;1;4966;4967;0.32489;10
3880;0;0;0;0.6442;0
3879;1;4964;4965;0.012912;7
3878;1;4962;4963;0.95464;2
3877;1;4960;4961;0.79096;7
3876;1;4958;4959;0.24526;11
3875;1;4956;4957;0.98133;7
3874;1;4954;4955;0.91712;12
3873;0;0;0;0.03709;0
3872;1;4952;4953;0.70773;3
3871;0;0;0;0.23882;0
3870;0;0;0;0.31118;0
3869;0;0;0;0.043381;0
3868;1;4950;4951;0.21801;10
3867;1;4948;4949;0.0098554;5
3866;0;0;0;0.079946;0
3865;0;0;0;0.085381;0
3864;1;4946;4947;0.2414;12
3863;1;4944;4945;0.92446;9
3862;1;4942;4943;0.94779;9
3861;1;4940;4941;0.98078;7
3860;0;0;0;0.11514;0
3859;1;4938;4939;0.60732;2
3858;0;0;0;0.076969;0
3857;1;4936;4937;0.52744;9
3856;1;4934;4935;0.48812;12
3855;1;4932;4933;0.013796;3
3854;1;4930;4931;0.89296;4
3853;1;4928;4929;0.19269;5
3852;1;4926;4927;0.39526;12
3851;1;4924;4925;0.69876;6
3850;1;4922;4923;0.63085;1
3849;1;4920;4921;0.042917;9
3848;0;0;0;0.15286;0
3847;1;4918;4919;0.32598;3
3846;1;4916;4917;0.5078;7
3845;1;4914;4915;0.35257;2
3844;0;0;0;0.4014;0
3843;1;4912;4913;0.93132;7
3842;1;4910;4911;0.34135;2
3841;1;4908;4909;0.58539;6
3840;1;4906;4907;0.57085;3
3839;1;4904;4905;0.40427;2
3838;0;0;0;0.044407;0
3837;1;4902;4903;0.52107;3
3836;1;4900;4901;0.51545;1
3835;0;0;0;0.45347;0
3834;0;0;0;0.17097;0
3833;1;4898;4899;0.12255;8
3832;0;0;0;0.16359;0
3831;1;4896;4897;0.19241;11
3830;1;4894;4895;0.66804;10
3829;0;0;0;0.54184;0
3828;1;4892;4893;0.093875;11
3827;1;4890;4891;0.1789;1
3826;0;0;0;0.17202;0
3825;0;0;0;0.18979;0
3824;1;4888;4889;0.064714;2
3823;1;4886;4887;0.58454;2
3822;0;0;0;0.07444;0
3821;0;0;0;0.68745;0
3820;0;0;0;0.25064;0
3819;0;0;0;0.56977;0
3818;1;4884;4885;0.74347;3
3817;0;0;0;0.2048;0
3816;1;4882;4883;0.96233;7
3815;0;0;0;0.26454;0
3814;0;0;0;0.46352;0
3813;0;0;0;0.31905;0
3812;0;0;0;0.0098718;0
3811;0;0;0;0.19159;0
3810;1;4880;4881;0.37988;9
3809;1;4878;4879;0.99464;6
3808;0;0;0;0.064434;0
3807;0;0;0;0.28271;0
3806;1;4876;4877;0.15497;1
3805;0;0;0;0.44167;0
3804;0;0;0;0.11949;0
3803;1;4874;4875;0.57781;12
3802;0;0;0;0.12357;0
3801;1;4872;4873;0.77014;6
3800;1;4870;4871;0.89096;3
3799;1;4868;4869;0.16305;8
3798;1;4866;4867;0.63901;11
3797;1;4864;4865;0.041325;5
3796;1;4862;4863;0.38318;8
3795;1;4860;4861;0.71315;5
3794;0;0;0;0.16098;0
3793;1;4858;4859;0.06812;10
3792;1;4856;4857;0.58559;8
3791;1;4854;4855;0.82103;5
3790;0;0;0;0.55565;0
3789;0;0;0;0.42757;0
3788;0;0;0;0.15752;0
3787;1;4852;4853;0.66158;11
3786;0;0;0;0.53122;0
3785;1;4850;4851;0.62955;8
3784;0;0;0;0.11954;0
3783;1;4848;4849;0.84871;6
3782;0;0;0;0.238;0
3781;0;0;0;0.080502;0
3780;0;0;0;0.39551;0
3779;0;0;0;0.16736;0
3778;1;4846;4847;0.3881;8
3777;1;4844;4845;0.07476;9
3776;0;0;0;0.023667;0
3775;1;4842;4843;0.87118;11
3774;0;0;0;0.65936;0
3773;1;4840;4841;0.50728;4
3772;1;4838;4839;0.011294;9
3771;1;4836;4837;0.058841;9
3770;0;0;0;0.1551;0
3769;1;4834;4835;0.78356;7
3768;1;4832;4833;0.32604;1
3767;0;0;0;0.37161;0
3766;0;0;0;0.64127;0
3765;0;0;0;0.55843;0
3764;0;0;0;0.23302;0
3763;1;4830;4831;0.48333;8
3762;0;0;0;0.13206;0
3761;0;0;0;0.076587;0
3760;0;0;0;0.21536;0
3759;0;0;0;0.54432;0
3758;0;0;0;0.2267;0
3757;1;4828;4829;0.13316;12
3756;1;4826;4827;0.88114;3
3755;0;0;0;0.75397;0
3754;0;0;0;0.53562;0
3753;1;4824;4825;0.44144;2
3752;1;4822;4823;0.2707;11
3751;1;4820;4821;0.89911;8
3750;1;4818;4819;0.966;6
3749;1;4816;4817;0.77342;7
3748;0;0;0;0.36274;0
3747;1;4814;4815;0.020713;9
3746;0;0;0;0.21939;0
3745;0;0;0;0.49435;0
3744;0;0;0;0.29774;0
3743;1;4812;4813;0.99993;6
3742;0;0;0;0.24178;0
3741;0;0;0;0.75025;0
3740;0;0;0;0.49694;0
3739;0;0;0;0.47712;0
3738;0;0;0;0.36471;0
3737;0;0;0;0.17153;0
3736;1;4810;4811;0.52088;1
3735;1;4808;4809;0.97277;3
3734;1;4806;4807;0.49456;4
3733;1;4804;4805;0.002887;9
3732;0;0;0;0.066228;0
3731;0;0;0;0.52414;0
3730;1;4802;4803;0.030126;10
3729;0;0;0;0.33404;0
3728;0;0;0;0.55435;0
3727;1;4800;4801;0.0085388;11
3726;0;0;0;0;0
3725;1;4798;4799;0.48233;9
3724;0;0;0;0.75619;0
3723;1;4796;4797;0.91352;6
3722;0;0;0;0.24788;0
3721;0;0;0;0.57353;0
3720;1;4794;4795;0.72006;3
3719;1;4792;4793;0.79806;8
3718;1;4790;4791;0.16946;12
3717;0;0;0;0.54185;0
3716;1;4788;4789;0.72666;8
3715;0;0;0;0.12082;0
3714;0;0;0;0.50698;0
3713;0;0;0;0.1347;0
3712;1;4786;4787;0.0040213;11
3711;0;0;0;0.50665;0
3710;0;0;0;0.69496;0
3709;1;4784;4785;0.64915;3
3708;0;0;0;0.21257;0
3707;0;0;0;0.32248;0
3706;0;0;0;0.14514;0
3705;1;4782;4783;0.85194;2
3704;1;4780;4781;0.13762;5
3703;1;4778;4779;0.18757;5
3702;0;0;0;0.18989;0
3701;0;0;0;0.43395;0
3700;0;0;0;0.15924;0
3699;1;4776;4777;0.9669;2
3698;0;0;0;0.1257;0
3697;0;0;0;0.56309;0
3696;0;0;0;0.77667;0
3695;0;0;0;0.6148;0
3694;0;0;0;0.3765;0
3693;1;4774;4775;0.30139;2
3692;1;4772;4773;0.61221;8
3691;1;4770;4771;0.089012;5
3690;0;0;0;0.40824;0
3689;1;4768;4769;0.30454;8
3688;1;4766;4767;0.38711;9
3687;1;4764;4765;0.46825;3
3686;1;4762;4763;0.004776;5
3685;0;0;0;0.70783;0
3684;0;0;0;0.51094;0
3683;1;4760;4761;0.54253;1
3682;0;0;0;0.54988;0
3681;0;0;0;0.51118;0
3680;0;0;0;0.8322;0
3679;1;4758;4759;0.24773;12
3678;1;4756;4757;0.057673;5
3677;0;0;0;0.03692;0
3676;0;0;0;0.33761;0
3675;0;0;0;0.37533;0
3674;0;0;0;0.13226;0
3673;0;0;0;0.22422;0
3672;0;0;0;0.40339;0
3671;1;4754;4755;0.99831;4
3670;0;0;0;0.15648;0
3669;0;0;0;0.65665;0
3668;1;4752;4753;0.05693;10
3667;0;0;0;0.71604;0
3666;0;0;0;0.83156;0
3665;1;4750;4751;0.74626;8
3664;0;0;0;0.50353;0
3663;0;0;0;0.1902;0
3662;0;0;0;0.44172;0
3661;0;0;0;0.14653;0
3660;1;4748;4749;0.77813;8
3659;0;0;0;0.48655;0
3658;0;0;0;0.20225;0
3657;0;0;0;0.74618;0
3656;0;0;0;0.45811;0
3655;1;4746;4747;0.39847;8
3654;1;4744;4745;0.57705;6
3653;0;0;0;0.4961;0
3652;0;0;0;0.15857;0
3651;1;4742;4743;0.7192;8
3650;0;0;0;0.57892;0
3649;1;4740;4741;0.40593;3
3648;0;0;0;0.51658;0
3647;1;4738;4739;0.29323;6
3646;0;0;0;0.22564;0
3645;1;4736;4737;0.60253;8
3644;0;0;0;0.25997;0
3643;1;4734;4735;0.69823;4
3642;0;0;0;0.21609;0
3641;1;4732;4733;0.98814;6
3640;0;0;0;0.068311;0
3639;0;0;0;0.2841;0
3638;1;4730;4731;0.50032;8
3637;0;0;0;0.20164;0
3636;1;4728;4729;0.023674;2
3635;0;0;0;0.35679;0
3634;1;4726;4727;0.93581;12
3633;0;0;0;0.30332;0
3632;1;4724;4725;0.79561;8
3631;1;4722;4723;0.95934;2
3630;1;4720;4721;0.63574;4
3629;0;0;0;0.057073;0
3628;0;0;0;0.5186;0
3627;0;0;0;0.44512;0
3626;0;0;0;0.63929;0
3625;1;4718;4719;0.72905;3
3624;0;0;0;0.15642;0
3623;1;4716;4717;0.35774;12
3622;1;4714;4715;0.92849;7
3621;0;0;0;0.75027;0
3620;0;0;0;0.53553;0
3619;1;4712;4713;0.85317;8
3618;0;0;0;0.48818;0
3617;1;4710;4711;0.20105;3
3616;1;4708;4709;0.89924;1
3615;1;4706;4707;0.72336;8
3614;0;0;0;0.80567;0
3613;0;0;0;0.034594;0
3612;1;4704;4705;0.5501;3
3611;0;0;0;0.34937;0
3610;0;0;0;0.096745;0
3609;0;0;0;0.25829;0
3608;0;0;0;0.055793;0
3607;1;4702;4703;0.55228;7
3606;0;0;0;0.79425;0
3605;0;0;0;0.5794;0
3604;0;0;0;0.37038;0
3603;0;0;0;0.75159;0
3602;0;0;0;0.49972;0
3601;0;0;0;0.048777;0
3600;0;0;0;0.38508;0
3599;0;0;0;0.53488;0
3598;0;0;0;0.66973;0
3597;1;4700;4701;0.22042;9
3596;1;4698;4699;0.16162;10
3595;1;4696;4697;0.7279;12
3594;0;0;0;0.062826;0
3593;1;4694;4695;0.42434;10
3592;0;0;0;0.18394;0
3591;0;0;0;0.33306;0
3590;0;0;0;0.10254;0
3589;1;4692;4693;0.24928;10
3588;1;4690;4691;0.068718;5
3587;1;4688;4689;0.35549;3
3586;1;4686;4687;0.84995;4
3585;1;4684;4685;0.11825;9
3584;0;0;0;0.80077;0
3583;0;0;0;0.23933;0
3582;1;4682;4683;0.12766;12
3581;0;0;0;0.099341;0
3580;1;4680;4681;0.89259;7
3579;0;0;0;0.11235;0
3578;1;4678;4679;0.78814;6
3577;1;4676;4677;0.15822;2
3576;1;4674;4675;0.57414;11
3575;1;4672;4673;0.078327;9
3574;1;4670;4671;0.81746;8
3573;1;4668;4669;0.60047;6
3572;1;4666;4667;0.0057156;3
3571;1;4664;4665;0.40959;10
3570;0;0;0;0.11564;0
3569;1;4662;4663;0.93768;1
3568;1;4660;4661;0.071756;9
3567;1;4658;4659;0.98182;9
3566;1;4656;4657;0.97592;1
3565;1;4654;4655;0.48379;2
3564;0;0;0;0.43617;0
3563;1;4652;4653;0.72436;11
3562;1;4650;4651;0.92593;1
3561;0;0;0;0.49471;0
3560;0;0;0;0.82901;0
3559;0;0;0;0.9046;0
3558;1;4648;4649;0.22231;5
3557;1;4646;4647;0.72827;9
3556;1;4644;4645;0.10215;3
3555;1;4642;4643;0.50125;7
3554;1;4640;4641;0.99007;9
3553;1;4638;4639;0.91465;1
3552;1;4636;4637;0.13335;9
3551;1;4634;4635;0.89167;8
3550;1;4632;4633;0.39602;2
3549;0;0;0;0.54833;0
3548;0;0;0;0.83169;0
3547;0;0;0;0.38996;0
3546;0;0;0;0.55987;0
3545;0;0;0;0.35706;0
3544;1;4630;4631;0.77872;8
3543;0;0;0;0.43624;0
3542;0;0;0;0.053336;0
3541;1;4628;4629;0.063177;5
3540;1;4626;4627;0.28222;3
3539;1;4624;4625;0.28587;3
3538;1;4622;4623;0.34407;3
3537;0;0;0;0.41833;0
3536;1;4620;4621;0.57124;9
3535;1;4618;4619;0.22466;6
3534;1;4616;4617;0.65728;1
3533;1;4614;4615;0.038736;5
3532;1;4612;4613;0.68059;6
3531;1;4610;4611;0.70903;10
3530;1;4608;4609;0.91876;11
3529;1;4606;4607;0.18332;12
3528;1;4604;4605;0.48948;2
3527;1;4602;4603;0.19428;3
3526;0;0;0;0.1688;0
3525;1;4600;4601;0.47496;12
3524;0;0;0;0.90515;0
3523;1;4598;4599;0.26949;2
3522;1;4596;4597;0.58592;1
3521;0;0;0;0.67291;0
3520;0;0;0;0.80636;0
3519;1;4594;4595;0.77472;8
3518;1;4592;4593;0.68817;7
3517;0;0;0;0.31463;0
3516;0;0;0;0.52196;0
3515;0;0;0;0.038889;0
3514;1;4590;4591;0.25774;3
3513;0;0;0;0.48343;0
3512;0;0;0;0.18333;0
3511;1;4588;4589;0.083004;7
3510;0;0;0;0.65544;0
3509;1;4586;4587;0.96693;4
3508;1;4584;4585;0.35876;2
3507;1;4582;4583;0.85177;4
3506;0;0;0;0.48168;0
3505;1;4580;4581;0.44418;2
3504;1;4578;4579;0.43459;5
3503;1;4576;4577;0.84894;4
3502;1;4574;4575;0.28028;3
3501;1;4572;4573;0.17677;9
3500;1;4570;4571;0.58561;8
3499;0;0;0;0.1545;0
3498;1;4568;4569;0.64527;4
3497;0;0;0;0.040187;0
3496;1;4566;4567;0.35522;8
3495;0;0;0;0.6246;0
3494;0;0;0;0.82551;0
3493;1;4564;4565;0.29777;3
3492;1;4562;4563;0.9509;11
3491;0;0;0;0.11324;0
3490;1;4560;4561;0.90018;2
3489;1;4558;4559;0.017616;3
3488;1;4556;4557;0.54984;6
3487;1;4554;4555;0.6875;6
3486;1;4552;4553;0.20096;6
3485;0;0;0;0.40423;0
3484;0;0;0;0.067711;0
3483;1;4550;4551;0.74277;3
3482;0;0;0;0.13437;0
3481;0;0;0;0.39313;0
3480;1;4548;4549;0.60678;7
3479;1;4546;4547;0.31222;3
3478;1;4544;4545;0.11553;3
3477;0;0;0;0.73813;0
3476;1;4542;4543;0.69131;9
3475;1;4540;4541;0.75682;4
3474;0;0;0;0.1811;0
3473;0;0;0;0.083652;0
3472;0;0;0;0.81121;0
3471;1;4538;4539;0.70324;1
3470;1;4536;4537;0.030276;2
3469;1;4534;4535;0.02141;2
3468;1;4532;4533;0.5116;8
3467;1;4530;4531;0.50995;3
3466;1;4528;4529;0.54949;1
3465;1;4526;4527;0.88904;4
3464;1;4524;4525;0.37832;4
3463;1;4522;4523;0.13994;8
3462;1;4520;4521;0.21127;7
3461;1;4518;4519;0.91742;10
3460;1;4516;4517;0.017669;5
3459;0;0;0;0.062746;0
3458;1;4514;4515;0.71545;4
3457;1;4512;4513;0.17515;9
3456;1;4510;4511;0.015969;2
3455;1;4508;4509;0.66186;2
3454;0;0;0;0.67078;0
3453;1;4506;4507;0.0088639;3
3452;1;4504;4505;0.98028;10
3451;1;4502;4503;0.052162;8
3450;1;4500;4501;0.68109;4
3449;1;4498;4499;0.12975;8
3448;1;4496;4497;0.44668;7
3447;1;4494;4495;0.81767;12
3446;1;4492;4493;0.19023;9
3445;1;4490;4491;0.43905;1
3444;1;4488;4489;0.84852;12
3443;1;4486;4487;0.25848;8
3442;1;4484;4485;0.7436;4
3441;1;4482;4483;0.77645;1
3440;1;4480;4481;0.78669;4
3439;1;4478;4479;0.00051423;5
3438;0;0;0;0.24729;0
3437;0;0;0;0.30841;0
3436;0;0;0;0.7842;0
3435;0;0;0;0.68046;0
3434;1;4476;4477;0.98566;1
3433;0;0;0;0.61645;0
3432;0;0;0;0.37673;0
3431;1;4474;4475;0.26122;2
3430;1;4472;4473;0.022928;8
3429;1;4470;4471;0.83571;4
3428;1;4468;4469;0.28631;2
3427;0;0;0;0.57729;0
3426;1;4466;4467;0.0070491;8
3425;1;4464;4465;0.78745;12
3424;1;4462;4463;0.60121;6
3423;1;4460;4461;0.54035;2
3422;1;4458;4459;0.87492;1
3421;0;0;0;0.052791;0
3420;0;0;0;0.27875;0
3419;1;4456;4457;0.0053894;5
3418;0;0;0;0.68662;0
3417;0;0;0;0.024685;0
3416;0;0;0;0.32933;0
3415;1;4454;4455;0.96343;3
3414;1;4452;4453;0.67144;12
3413;1;4450;4451;0.18722;12
3412;1;4448;4449;0.21062;3
3411;1;4446;4447;0.2772;3
3410;0;0;0;0.20961;0
3409;0;0;0;0.76823;0
3408;0;0;0;0.43196;0
3407;0;0;0;0.89307;0
3406;1;4444;4445;0.90286;2
3405;0;0;0;0.28072;0
3404;0;0;0;0.60379;0
3403;1;4442;4443;0.39144;8
3402;1;4440;4441;0.9546;1
3401;1;4438;4439;0.86339;10
3400;1;4436;4437;0.89761;10
3399;1;4434;4435;0.45739;8
3398;0;0;0;0.89666;0
3397;1;4432;4433;0.63731;7
3396;0;0;0;0.045767;0
3395;0;0;0;0.066838;0
3394;0;0;0;0.25867;0
3393;1;4430;4431;0.074776;6
3392;1;4428;4429;0.74539;10
3391;1;4426;4427;0.30034;5
3390;0;0;0;0.070711;0
3389;1;4424;4425;0.18149;4
3388;1;4422;4423;0.030856;2
3387;1;4420;4421;0.44723;3
3386;1;4418;4419;0.94944;6
3385;0;0;0;0.14491;0
3384;1;4416;4417;0.27618;8
3383;1;4414;4415;0.35898;1
3382;1;4412;4413;0.32816;1
3381;1;4410;4411;0.8772;2
3380;1;4408;4409;0.32625;4
3379;1;4406;4407;0.29135;10
3378;0;0;0;0.048004;0
3377;1;4404;4405;0.078404;5
3376;1;4402;4403;0.15682;12
3375;1;4400;4401;0.35272;11
3374;1;4398;4399;0.24579;9
3373;1;4396;4397;0.44578;12
3372;1;4394;4395;0.095216;10
3371;1;4392;4393;0.03042;3
3370;1;4390;4391;0.94208;6
3369;1;4388;4389;0.46591;12
3368;1;4386;4387;0.82297;9
3367;0;0;0;0.058196;0
3366;0;0;0;0.50833;0
3365;0;0;0;0.18809;0
3364;0;0;0;0.58434;0
3363;0;0;0;0.098678;0
3362;0;0;0;0.25389;0
3361;0;0;0;0.12597;0
3360;1;4384;4385;0.56021;12
3359;0;0;0;0.032391;0
3358;1;4382;4383;0.58067;11
3357;1;4380;4381;0.83105;2
3356;0;0;0;0.099331;0
3355;1;4378;4379;0.99655;4
3354;0;0;0;0.13064;0
3353;0;0;0;0.18563;0
3352;0;0;0;0.49452;0
3351;0;0;0;0.74428;0
3350;1;4376;4377;0.80859;1
3349;1;4374;4375;0.14429;8
3348;0;0;0;0.11222;0
3347;1;4372;4373;0.44058;1
3346;0;0;0;0.71512;0
3345;1;4370;4371;0.77218;7
3344;1;4368;4369;0.98995;4
3343;0;0;0;0.74462;0
3342;1;4366;4367;0.48121;7
3341;1;4364;4365;0.31591;12
3340;1;4362;4363;0.80515;12
3339;1;4360;4361;0.85914;1
3338;0;0;0;0.17684;0
3337;1;4358;4359;0.47042;9
3336;1;4356;4357;0.38413;8
3335;1;4354;4355;0.62309;11
3334;1;4352;4353;0.27406;8
3333;0;0;0;0.81777;0
3332;1;4350;4351;0.82672;11
3331;1;4348;4349;0.086589;3
3330;1;4346;4347;0.46287;3
3329;1;4344;4345;0.43163;5
3328;1;4342;4343;0.43385;9
3327;1;4340;4341;0.83753;9
3326;1;4338;4339;0.75323;4
3325;1;4336;4337;0.02349;5
3324;1;4334;4335;0.75413;1
3323;0;0;0;0.27719;0
3322;1;4332;4333;0.73976;4
3321;1;4330;4331;0.0039426;9
3320;1;4328;4329;0.95667;6
3319;1;4326;4327;0.23788;2
3318;1;4324;4325;0.023368;5
3317;1;4322;4323;0.22176;2
3316;1;4320;4321;0.095391;9
3315;1;4318;4319;0.27724;3
3314;1;4316;4317;0.0087194;7
3313;0;0;0;0.71631;0
3312;1;4314;4315;0.54934;4
3311;1;4312;4313;0.35031;2
3310;1;4310;4311;0.11765;5
3309;0;0;0;0.12981;0
3308;1;4308;4309;0.1355;9
3307;1;4306;4307;0.49125;8
3306;1;4304;4305;0.49152;6
3305;0;0;0;0.099028;0
3304;1;4302;4303;0.67559;8
3303;0;0;0;0.8297;0
3302;0;0;0;0.55334;0
3301;1;4300;4301;0.40219;8
3300;0;0;0;0.29338;0
3299;1;4298;4299;0.22354;9
3298;1;4296;4297;0.29209;1
3297;1;4294;4295;0.38285;1
3296;1;4292;4293;0.76938;4
3295;1;4290;4291;0.91277;4
3294;1;4288;4289;0.2027;8
3293;1;4286;4287;0.075833;8
3292;0;0;0;0.92872;0
3291;1;4284;4285;0.11667;10
3290;1;4282;4283;0.56988;2
3289;1;4280;4281;0.14472;10
3288;1;4278;4279;0.080208;8
3287;1;4276;4277;0.46968;4
3286;0;0;0;0.7783;0
3285;1;4274;4275;0.51738;4
3284;0;0;0;0.80135;0
3283;0;0;0;0.75318;0
3282;1;4272;4273;0.68573;4
3281;0;0;0;0.28602;0
3280;1;4270;4271;0.01656;9
3279;1;4268;4269;0.32757;5
3278;1;4266;4267;0.29381;3
3277;0;0;0;0.28379;0
3276;1;4264;4265;0.50184;11
3275;0;0;0;0.092458;0
3274;1;4262;4263;0.57054;11
3273;1;4260;4261;0.27902;3
3272;1;4258;4259;0.81063;4
3271;0;0;0;0.63148;0
3270;0;0;0;0.44715;0
3269;1;4256;4257;0.99217;1
3268;1;4254;4255;0.1719;3
3267;1;4252;4253;0.045044;5
3266;0;0;0;0.071966;0
3265;1;4250;4251;0.92079;2
3264;1;4248;4249;0.086854;8
3263;1;4246;4247;0.72733;3
3262;0;0;0;0.50776;0
3261;0;0;0;0.61497;0
3260;1;4244;4245;0.051272;7
3259;1;4242;4243;0.76209;11
3258;0;0;0;0.47021;0
3257;0;0;0;0.60712;0
3256;0;0;0;0.067138;0
3255;0;0;0;0.56304;0
3254;0;0;0;0.22387;0
3253;1;4240;4241;0.56063;8
3252;0;0;0;0.61939;0
3251;1;4238;4239;0.44961;2
3250;1;4236;4237;0.73523;4
3249;0;0;0;0.16107;0
3248;1;4234;4235;0.58467;11
3247;1;4232;4233;0.85018;4
3246;0;0;0;0.099936;0
3245;0;0;0;0.66803;0
3244;0;0;0;0.42468;0
3243;0;0;0;0.75425;0
3242;1;4230;4231;0.64316;8
3241;0;0;0;0.84386;0
3240;0;0;0;0.67707;0
3239;1;4228;4229;0.36959;8
3238;1;4226;4227;0.15025;12
3237;0;0;0;0.4088;0
3236;0;0;0;0.12332;0
3235;0;0;0;0.41856;0
3234;0;0;0;0.72143;0
3233;1;4224;4225;0.99271;11
3232;1;4222;4223;0.24741;10
3231;0;0;0;0.16142;0
3230;0;0;0;0.66638;0
3229;1;4220;4221;0.6122;7
3228;0;0;0;0.51598;0
3227;1;4218;4219;0.0013503;5
3226;0;0;0;0.07771;0
3225;1;4216;4217;0.026897;9
3224;1;4214;4215;0.73079;12
3223;0;0;0;0.83462;0
3222;1;4212;4213;0.16146;4
3221;1;4210;4211;0.88241;12
3220;0;0;0;0.44743;0
3219;0;0;0;0.45375;0
3218;0;0;0;0.19257;0
3217;0;0;0;0.69518;0
3216;0;0;0;0.31544;0
3215;0;0;0;0.57125;0
3214;0;0;0;0.74931;0
3213;1;4208;4209;0.89211;4
3212;1;4206;4207;0.017073;9
3211;1;4204;4205;0.82737;4
3210;0;0;0;0.50073;0
3209;1;4202;4203;0.9044;2
3208;0;0;0;0.71725;0
3207;1;4200;4201;0.29717;8
3206;1;4198;4199;0.64693;8
3205;1;4196;4197;0.98261;2
3204;0;0;0;0.2265;0
3203;0;0;0;0.081416;0
3202;0;0;0;0.33517;0
3201;1;4194;4195;0.51261;6
3200;1;4192;4193;0.58935;11
3199;1;4190;4191;0.76177;7
3198;1;4188;4189;0.6919;1
3197;0;0;0;0.27474;0
3196;1;4186;4187;0.30402;7
3195;1;4184;4185;0.71558;4
3194;1;4182;4183;0.39013;10
3193;1;4180;4181;0.10502;9
3192;1;4178;4179;0.50045;1
3191;0;0;0;0.5999;0
3190;1;4176;4177;0.0057797;2
3189;0;0;0;0.34821;0
3188;0;0;0;0.57706;0
3187;0;0;0;0.52194;0
3186;0;0;0;0.38629;0
3185;0;0;0;0.51946;0
3184;0;0;0;0.21925;0
3183;1;4174;4175;0.69567;3
3182;0;0;0;0.66953;0
3181;0;0;0;0.13248;0
3180;0;0;0;0.48695;0
3179;0;0;0;0.38935;0
3178;0;0;0;0.24784;0
3177;0;0;0;0.043073;0
3176;0;0;0;0.13298;0
3175;0;0;0;0.34055;0
3174;0;0;0;0.06693;0
3173;1;4172;4173;0.82276;2
3172;0;0;0;0.54227;0
3171;0;0;0;0.77064;0
3170;1;4170;4171;0.35943;8
3169;0;0;0;0.076186;0
3168;0;0;0;0.69644;0
3167;1;4168;4169;0.77176;4
3166;0;0;0;0.45868;0
3165;1;4166;4167;0.8197;11
3164;0;0;0;0.077172;0
3163;1;4164;4165;0.63791;3
3162;1;4162;4163;0.42074;4
3161;1;4160;4161;0.12684;5
3160;1;4158;4159;0.89246;2
3159;1;4156;4157;0.61441;12
3158;1;4154;4155;0.022064;5
3157;1;4152;4153;0.01377;11
3156;1;4150;4151;0.93412;8
3155;1;4148;4149;0.43609;4
3154;1;4146;4147;0.92637;3
3153;1;4144;4145;0.37277;12
3152;0;0;0;0.085898;0
3151;0;0;0;0.062781;0
3150;1;4142;4143;0.41628;8
3149;1;4140;4141;0.95143;6
3148;1;4138;4139;0.56741;8
3147;0;0;0;0.06512;0
3146;0;0;0;0.81412;0
3145;1;4136;4137;0.41458;3
3144;1;4134;4135;0.68152;4
3143;1;4132;4133;0.48104;8
3142;1;4130;4131;0.27499;8
3141;1;4128;4129;0.13381;5
3140;1;4126;4127;0.70538;3
3139;1;4124;4125;0.47169;8
3138;1;4122;4123;0.62221;8
3137;1;4120;4121;0.092936;5
3136;0;0;0;0.085973;0
3135;0;0;0;0.11288;0
3134;1;4118;4119;0.45086;10
3133;1;4116;4117;0.93687;8
3132;1;4114;4115;0.15924;10
3131;1;4112;4113;0.81675;8
3130;1;4110;4111;0.48011;8
3129;1;4108;4109;0.95292;7
3128;1;4106;4107;0.97508;6
3127;1;4104;4105;0.53022;7
3126;1;4102;4103;0.11277;11
3125;1;4100;4101;0.55675;12
3124;0;0;0;0.67255;0
3123;0;0;0;0.22007;0
3122;1;4098;4099;0.82679;10
3121;1;4096;4097;0.53258;12
3120;0;0;0;0.46619;0
3119;1;4094;4095;0.023213;5
3118;1;4092;4093;0.53047;10
3117;1;4090;4091;0.97988;6
3116;1;4088;4089;0.56123;8
3115;1;4086;4087;0.22911;5
3114;0;0;0;0.66363;0
3113;1;4084;4085;0.13211;11
3112;0;0;0;0.060197;0
3111;1;4082;4083;0.97524;7
3110;1;4080;4081;0.0001862;12
3109;1;4078;4079;0.046777;11
3108;0;0;0;0.76765;0
3107;1;4076;4077;0.67208;1
3106;1;4074;4075;0.048852;5
3105;0;0;0;0.58557;0
3104;1;4072;4073;0.32304;10
3103;1;4070;4071;0.26638;6
3102;0;0;0;0.14068;0
3101;0;0;0;0.10017;0
3100;1;4068;4069;0.92831;3
3099;1;4066;4067;0.12563;2
3098;1;4064;4065;0.48508;4
3097;1;4062;4063;0.26076;10
3096;1;4060;4061;0.63213;10
3095;1;4058;4059;0.012306;5
3094;0;0;0;0.054411;0
3093;1;4056;4057;0.97873;9
3092;1;4054;4055;0.15995;5
3091;1;4052;4053;0.27147;6
3090;1;4050;4051;0.2951;12
3089;0;0;0;0.064172;0
3088;1;4048;4049;0.21371;10
3087;0;0;0;0.071397;0
3086;1;4046;4047;0.69462;2
3085;1;4044;4045;0.012303;3
3084;1;4042;4043;0.89556;4
3083;1;4040;4041;0.2993;8
3082;0;0;0;0.086859;0
3081;1;4038;4039;0.72769;4
3080;1;4036;4037;0.043693;5
3079;1;4034;4035;0.80077;7
3078;0;0;0;0.23384;0
3077;1;4032;4033;0.55444;12
3076;1;4030;4031;0.31172;8
3075;1;4028;4029;0.51771;1
3074;1;4026;4027;0.62454;7
3073;1;4024;4025;0.87819;2
3072;1;4022;4023;0.51427;7
3071;0;0;0;0.53708;0
3070;0;0;0;0.70649;0
3069;0;0;0;0.42281;0
3068;1;4020;4021;0.10639;11
3067;0;0;0;0.60801;0
3066;0;0;0;0.85864;0
3065;0;0;0;0.84231;0
3064;0;0;0;0.31565;0
3063;0;0;0;0.48699;0
3062;1;4018;4019;0.00050934;9
3061;0;0;0;0.57254;0
3060;0;0;0;0.21679;0
3059;0;0;0;0.095253;0
3058;1;4016;4017;0.23411;11
3057;0;0;0;0.37887;0
3056;0;0;0;0.62059;0
3055;0;0;0;0.044744;0
3054;1;4014;4015;0.28027;10
3053;0;0;0;0.11332;0
3052;1;4012;4013;0.67212;2
3051;1;4010;4011;0.38995;3
3050;0;0;0;0.085608;0
3049;1;4008;4009;0.63658;10
3048;0;0;0;0.17722;0
3047;1;4006;4007;0.86629;12
3046;1;4004;4005;0.993;1
3045;1;4002;4003;0.36457;8
3044;1;4000;4001;0.64602;8
3043;0;0;0;0.88385;0
3042;0;0;0;0.20417;0
3041;0;0;0;0.15195;0
3040;1;3998;3999;0.95286;10
3039;1;3996;3997;0.79948;6
3038;1;3994;3995;0.0094647;11
3037;1;3992;3993;0.50217;8
3036;1;3990;3991;0.95466;3
3035;1;3988;3989;0.90795;12
3034;1;3986;3987;0.80689;8
3033;1;3984;3985;0.83818;3
3032;1;3982;3983;0.28552;8
3031;1;3980;3981;0.59864;6
3030;1;3978;3979;0.193;2
3029;0;0;0;0.099424;0
3028;1;3976;3977;0.10855;11
3027;1;3974;3975;0.00027136;5
3026;0;0;0;0.78989;0
3025;1;3972;3973;0.29801;8
3024;1;3970;3971;0.15945;11
3023;1;3968;3969;0.41304;9
3022;1;3966;3967;0.046368;4
3021;1;3964;3965;0.33871;10
3020;1;3962;3963;0.75764;6
3019;1;3960;3961;0.25405;2
3018;1;3958;3959;0.33183;10
3017;1;3956;3957;0.80784;10
3016;0;0;0;0.76255;0
3015;0;0;0;0.48192;0
3014;0;0;0;0;0
3013;0;0;0;0.24703;0
3012;1;3954;3955;0.32917;4
3011;1;3952;3953;0.16722;12
3010;0;0;0;0.49278;0
3009;1;3950;3951;0.010491;2
3008;1;3948;3949;0.8647;7
3007;1;3946;3947;0.9281;6
3006;0;0;0;0.61153;0
3005;0;0;0;0.3532;0
3004;0;0;0;0;0
3003;1;3944;3945;0.79764;2
3002;1;3942;3943;0.7246;2
3001;1;3940;3941;0.25549;3
3000;1;3938;3939;0.60343;12
2999;0;0;0;0.40154;0
2998;0;0;0;0.21372;0
2997;0;0;0;0.28247;0
2996;0;0;0;0.63851;0
2995;1;3936;3937;0.18377;1
2994;0;0;0;0.30904;0
2993;0;0;0;0.24596;0
2992;1;3934;3935;0.63531;6
2991;1;3932;3933;0.98508;7
2990;0;0;0;0.064806;0
2989;1;3930;3931;0.39206;2
2988;1;3928;3929;0.67204;6
2987;1;3926;3927;0.81142;2
2986;0;0;0;0.12012;0
2985;0;0;0;0.42443;0
2984;1;3924;3925;0.92934;7
2983;1;3922;3923;0.85569;4
2982;0;0;0;0.95293;0
2981;1;3920;3921;0.99242;9
2980;1;3918;3919;0.015947;12
2979;1;3916;3917;0.6974;4
2978;1;3914;3915;0.86115;2
2977;0;0;0;0.48242;0
2976;1;3912;3913;0.56616;8
2975;1;3910;3911;0.90084;3
2974;1;3908;3909;0.91762;6
2973;1;3906;3907;0.94308;4
2972;0;0;0;0.073038;0
2971;0;0;0;0.33873;0
2970;1;3904;3905;0.026977;5
2969;1;3902;3903;0.54467;12
2968;0;0;0;0.50853;0
2967;1;3900;3901;0.36121;2
2966;0;0;0;0.21589;0
2965;0;0;0;0.04788;0
2964;0;0;0;0.53109;0
2963;1;3898;3899;0.22791;3
2962;1;3896;3897;0.34748;10
2961;1;3894;3895;0.99594;2
2960;1;3892;3893;0.5245;4
2959;1;3890;3891;0.11148;10
2958;1;3888;3889;0.1941;4
2957;0;0;0;0.13876;0
2956;1;3886;3887;0.21613;1
2955;0;0;0;0.41979;0
2954;0;0;0;0.75253;0
2953;0;0;0;0.89128;0
2952;0;0;0;0.087098;0
2951;0;0;0;0.25855;0
2950;0;0;0;0.56681;0
2949;0;0;0;0.5269;0
2948;0;0;0;0.097118;0
2947;0;0;0;0.2399;0
2946;0;0;0;0.60556;0
2945;0;0;0;0.10884;0
2944;0;0;0;0.45802;0
2943;1;3884;3885;0.78284;4
2942;1;3882;3883;0.79365;4
2941;1;3880;3881;0.6402;12
2940;0;0;0;0.06192;0
2939;1;3878;3879;0.17252;3
2938;0;0;0;0.11066;0
2937;1;3876;3877;0.68686;2
2936;1;3874;3875;0.007375;9
2935;1;3872;3873;0.66572;6
2934;1;3870;3871;0.097827;6
2933;1;3868;3869;0.87836;6
2932;1;3866;3867;0.0067573;7
2931;1;3864;3865;0.1666;10
2930;1;3862;3863;0.32857;10
2929;1;3860;3861;0.79641;2
2928;1;3858;3859;0.077357;5
2927;1;3856;3857;0.69544;12
2926;1;3854;3855;0.36032;2
2925;1;3852;3853;0.67964;6
2924;1;3850;3851;0.35356;12
2923;1;3848;3849;0.47315;10
2922;0;0;0;0.66784;0
2921;1;3846;3847;0.16544;8
2920;1;3844;3845;0.039824;9
2919;1;3842;3843;0.12304;11
2918;1;3840;3841;0.41656;12
2917;0;0;0;0.066355;0
2916;1;3838;3839;0.077654;8
2915;0;0;0;0.8287;0
2914;1;3836;3837;0.13941;11
2913;1;3834;3835;0.90395;5
2912;0;0;0;0.49913;0
2911;1;3832;3833;0.74216;1
2910;1;3830;3831;0.0066759;5
2909;0;0;0;0.048175;0
2908;1;3828;3829;0.92974;10
2907;0;0;0;0.59422;0
2906;1;3826;3827;0.08384;11
2905;0;0;0;0.086766;0
2904;1;3824;3825;0.46595;3
2903;0;0;0;0.47346;0
2902;0;0;0;0.75174;0
2901;0;0;0;0.22316;0
2900;0;0;0;0.45217;0
2899;1;3822;3823;0.90118;12
2898;1;3820;3821;0.35279;2
2897;0;0;0;0.66846;0
2896;1;3818;3819;0.81507;1
2895;0;0;0;0.48959;0
2894;0;0;0;0.076881;0
2893;0;0;0;0.13104;0
2892;1;3816;3817;0.0093701;9
2891;0;0;0;0.11254;0
2890;1;3814;3815;0.43724;8
2889;1;3812;3813;0.54367;4
2888;0;0;0;0.44883;0
2887;0;0;0;0.27274;0
2886;0;0;0;0.079717;0
2885;1;3810;3811;0.54806;2
2884;1;3808;3809;0.57841;8
2883;1;3806;3807;0.81604;8
2882;0;0;0;0.11564;0
2881;1;3804;3805;0.73499;2
2880;1;3802;3803;0.35805;8
2879;1;3800;3801;0.9844;9
2878;0;0;0;0.71485;0
2877;1;3798;3799;0.97239;6
2876;1;3796;3797;0.57712;8
2875;1;3794;3795;0.24861;12
2874;0;0;0;0.1625;0
2873;1;3792;3793;0.009341;9
2872;1;3790;3791;0.57852;3
2871;0;0;0;0.05098;0
2870;1;3788;3789;0.25501;11
2869;0;0;0;0.37009;0
2868;1;3786;3787;0.75313;6
2867;1;3784;3785;0.22885;8
2866;1;3782;3783;0.89953;3
2865;0;0;0;0.087668;0
2864;1;3780;3781;0.52773;2
2863;0;0;0;0.068734;0
2862;1;3778;3779;0.98742;11
2861;1;3776;3777;0.36428;2
2860;0;0;0;0.67478;0
2859;1;3774;3775;0.066605;5
2858;0;0;0;0.088281;0
2857;0;0;0;0.70501;0
2856;0;0;0;0.31828;0
2855;0;0;0;0.089491;0
2854;0;0;0;0.57538;0
2853;1;3772;3773;0.88849;7
2852;0;0;0;0.29677;0
2851;0;0;0;0.12783;0
2850;0;0;0;0.24707;0
2849;1;3770;3771;0.57089;6
2848;1;3768;3769;0.038331;10
2847;1;3766;3767;0.25534;6
2846;0;0;0;0.80746;0
2845;1;3764;3765;0.0081454;6
2844;0;0;0;0.67464;0
2843;0;0;0;0.07582;0
2842;0;0;0;0.35728;0
2841;1;3762;3763;0.0024842;9
2840;0;0;0;0.73665;0
2839;1;3760;3761;0.72948;4
2838;0;0;0;0.40889;0
2837;1;3758;3759;0.25969;8
2836;0;0;0;0.13548;0
2835;1;3756;3757;0.35048;8
2834;1;3754;3755;0.055178;10
2833;0;0;0;0.3967;0
2832;0;0;0;0.16255;0
2831;1;3752;3753;0.85873;3
2830;1;3750;3751;0.47293;12
2829;1;3748;3749;0.99999;6
2828;0;0;0;0.099779;0
2827;0;0;0;0.10139;0
2826;0;0;0;0.60703;0
2825;0;0;0;0.11269;0
2824;1;3746;3747;0.22831;2
2823;0;0;0;0.57172;0
2822;1;3744;3745;0.79467;3
2821;0;0;0;0.1095;0
2820;0;0;0;0.61619;0
2819;0;0;0;0.82827;0
2818;0;0;0;0.45096;0
2817;1;3742;3743;0.52894;8
2816;1;3740;3741;0.8696;3
2815;0;0;0;0.86624;0
2814;0;0;0;0.62067;0
2813;1;3738;3739;0.35561;6
2812;0;0;0;0.67171;0
2811;0;0;0;0.64155;0
2810;0;0;0;0.35504;0
2809;1;3736;3737;0.27618;2
2808;1;3734;3735;0.27828;2
2807;0;0;0;0.67046;0
2806;0;0;0;0.30809;0
2805;1;3732;3733;0.17291;4
2804;0;0;0;0.10733;0
2803;1;3730;3731;0.60626;1
2802;1;3728;3729;0.0084964;9
2801;0;0;0;0.38632;0
2800;0;0;0;0.753;0
2799;0;0;0;0.048363;0
2798;1;3726;3727;0.00011975;5
2797;1;3724;3725;0.74468;4
2796;0;0;0;0.38104;0
2795;0;0;0;0.49675;0
2794;0;0;0;0.24635;0
2793;0;0;0;0.30168;0
2792;0;0;0;0.10486;0
2791;1;3722;3723;0.14151;5
2790;0;0;0;0.034349;0
2789;1;3720;3721;0.80409;2
2788;1;3718;3719;0.90159;6
2787;0;0;0;0.063812;0
2786;1;3716;3717;0.16276;5
2785;0;0;0;0.48702;0
2784;0;0;0;0.75808;0
2783;1;3714;3715;0.93009;6
2782;0;0;0;0.14685;0
2781;1;3712;3713;0.042292;11
2780;0;0;0;0.57909;0
2779;0;0;0;0.53457;0
2778;0;0;0;0.30774;0
2777;1;3710;3711;0.18607;4
2776;1;3708;3709;0.25638;2
2775;0;0;0;0.041852;0
2774;0;0;0;0.29853;0
2773;0;0;0;0.3223;0
2772;0;0;0;0.56934;0
2771;0;0;0;0.34575;0
2770;0;0;0;0.55524;0
2769;0;0;0;0.50279;0
2768;0;0;0;0.85254;0
2767;0;0;0;0.30482;0
2766;0;0;0;0.57469;0
2765;1;3706;3707;0.70282;7
2764;1;3704;3705;0.80601;9
2763;0;0;0;0.71996;0
2762;1;3702;3703;0.40897;2
2761;1;3700;3701;0.49624;9
2760;0;0;0;0.49982;0
2759;0;0;0;0.29421;0
2758;0;0;0;0.52479;0
2757;0;0;0;0.11681;0
2756;0;0;0;0.42626;0
2755;1;3698;3699;0.53934;1
2754;0;0;0;0.64717;0
2753;1;3696;3697;0.6949;5
2752;0;0;0;0.3249;0
2751;1;3694;3695;0.28789;9
2750;1;3692;3693;0.769;4
2749;0;0;0;0.26446;0
2748;0;0;0;0.55342;0
2747;0;0;0;0.14064;0
2746;1;3690;3691;0.20629;9
2745;1;3688;3689;0.69461;7
2744;1;3686;3687;0.068189;10
2743;0;0;0;0.35645;0
2742;1;3684;3685;0.40418;4
2741;1;3682;3683;0.048036;5
2740;0;0;0;0.18;0
2739;1;3680;3681;0.88032;1
2738;1;3678;3679;0.044526;11
2737;1;3676;3677;0.97881;6
2736;0;0;0;0.54012;0
2735;0;0;0;0.23621;0
2734;1;3674;3675;0.93037;6
2733;0;0;0;0.56795;0
2732;0;0;0;0.35869;0
2731;0;0;0;0.34757;0
2730;0;0;0;0.75568;0
2729;0;0;0;0.050021;0
2728;1;3672;3673;0.59412;4
2727;1;3670;3671;0.62147;11
2726;1;3668;3669;0.90532;4
2725;0;0;0;0.43293;0
2724;0;0;0;0.14827;0
2723;1;3666;3667;0.98817;1
2722;0;0;0;0.55748;0
2721;0;0;0;0.73225;0
2720;1;3664;3665;0.30622;2
2719;1;3662;3663;0.0095622;5
2718;0;0;0;0.073055;0
2717;0;0;0;0.64449;0
2716;0;0;0;0.35887;0
2715;1;3660;3661;0.61398;2
2714;0;0;0;0.070298;0
2713;0;0;0;0.81024;0
2712;0;0;0;0.35202;0
2711;1;3658;3659;0.25697;8
2710;0;0;0;0.19011;0
2709;0;0;0;0.26901;0
2708;1;3656;3657;0.025284;5
2707;0;0;0;0.56406;0
2706;0;0;0;0.31612;0
2705;1;3654;3655;0.46422;3
2704;1;3652;3653;0.56284;11
2703;1;3650;3651;0.23132;3
2702;0;0;0;0.22984;0
2701;1;3648;3649;0.18775;7
2700;1;3646;3647;0.28761;6
2699;0;0;0;0.06774;0
2698;0;0;0;0.3374;0
2697;0;0;0;0.46555;0
2696;0;0;0;0.20845;0
2695;0;0;0;0.70427;0
2694;1;3644;3645;0.039364;10
2693;1;3642;3643;0.82387;7
2692;0;0;0;0.16505;0
2691;1;3640;3641;0.2254;8
2690;0;0;0;0.70282;0
2689;1;3638;3639;0.63661;11
2688;1;3636;3637;0.044128;9
2687;0;0;0;0.23845;0
2686;1;3634;3635;0.56158;4
2685;0;0;0;0.31608;0
2684;0;0;0;0.086697;0
2683;0;0;0;0.19561;0
2682;0;0;0;0.60685;0
2681;0;0;0;0.77078;0
2680;0;0;0;0.22544;0
2679;0;0;0;0.25267;0
2678;1;3632;3633;0.86562;5
2677;1;3630;3631;0.69455;9
2676;1;3628;3629;0.14962;10
2675;1;3626;3627;0.15181;9
2674;0;0;0;0.8927;0
2673;1;3624;3625;0.80634;4
2672;1;3622;3623;0.64746;6
2671;1;3620;3621;0.75509;3
2670;0;0;0;0.40419;0
2669;1;3618;3619;0.37398;3
2668;0;0;0;0.24024;0
2667;1;3616;3617;0.9462;4
2666;1;3614;3615;0.80075;10
2665;0;0;0;0.36167;0
2664;0;0;0;0.099976;0
2663;1;3612;3613;0.9224;8
2662;1;3610;3611;0.02442;9
2661;0;0;0;0.51708;0
2660;1;3608;3609;0.66078;4
2659;1;3606;3607;0.81183;4
2658;0;0;0;0.39643;0
2657;1;3604;3605;0.93115;10
2656;0;0;0;0.22414;0
2655;1;3602;3603;0.74574;1
2654;0;0;0;0.9062;0
2653;0;0;0;0.078882;0
2652;1;3600;3601;0.55303;11
2651;0;0;0;0.12485;0
2650;1;3598;3599;0.03657;5
2649;1;3596;3597;0.34749;4
2648;1;3594;3595;0.57386;12
2647;1;3592;3593;0.11339;12
2646;1;3590;3591;0.7541;6
2645;1;3588;3589;0.14012;3
2644;0;0;0;0.28238;0
2643;0;0;0;0.34735;0
2642;0;0;0;0.14664;0
2641;1;3586;3587;0.11093;9
2640;0;0;0;0.14189;0
2639;1;3584;3585;0.77177;4
2638;1;3582;3583;0.21847;9
2637;0;0;0;0.091947;0
2636;1;3580;3581;0.32248;10
2635;0;0;0;0.36398;0
2634;1;3578;3579;0.46528;12
2633;1;3576;3577;0.61601;4
2632;1;3574;3575;0.46993;2
2631;0;0;0;0.074135;0
2630;1;3572;3573;0.98242;9
2629;0;0;0;0.22187;0
2628;1;3570;3571;0.99666;4
2627;0;0;0;0.10807;0
2626;1;3568;3569;0.56751;7
2625;1;3566;3567;0.25713;3
2624;1;3564;3565;0.2786;3
2623;1;3562;3563;0.96943;1
2622;1;3560;3561;0.31003;3
2621;0;0;0;0.92089;0
2620;1;3558;3559;0.38948;3
2619;1;3556;3557;0.9356;4
2618;1;3554;3555;0.81193;10
2617;1;3552;3553;0.016633;7
2616;1;3550;3551;0.0010676;7
2615;0;0;0;0.50327;0
2614;1;3548;3549;0.15679;9
2613;0;0;0;0.22986;0
2612;1;3546;3547;0.77562;10
2611;0;0;0;0.82964;0
2610;1;3544;3545;0.54679;5
2609;1;3542;3543;0.9031;4
2608;1;3540;3541;0.35422;7
2607;1;3538;3539;0.044086;7
2606;1;3536;3537;0.95819;2
2605;0;0;0;0.11321;0
2604;1;3534;3535;0.23721;3
2603;0;0;0;0.27556;0
2602;0;0;0;0.37854;0
2601;0;0;0;0.080322;0
2600;0;0;0;0.32955;0
2599;1;3532;3533;0.046676;9
2598;0;0;0;0.50922;0
2597;0;0;0;0.97762;0
2596;0;0;0;0.49481;0
2595;0;0;0;0.89101;0
2594;0;0;0;0.43931;0
2593;0;0;0;0.26284;0
2592;0;0;0;0.55921;0
2591;0;0;0;0.31323;0
2590;0;0;0;0.50463;0
2589;0;0;0;0.072987;0
2588;0;0;0;0.86287;0
2587;1;3530;3531;0.99842;6
2586;1;3528;3529;0.56162;3
2585;0;0;0;0.41384;0
2584;0;0;0;0.68164;0
2583;1;3526;3527;0.52018;6
2582;0;0;0;0.48944;0
2581;0;0;0;0.86979;0
2580;0;0;0;0.057914;0
2579;1;3524;3525;0.54236;4
2578;0;0;0;0.25439;0
2577;0;0;0;0.81529;0
2576;1;3522;3523;0.99215;4
2575;1;3520;3521;0.062612;9
2574;1;3518;3519;0.52264;9
2573;1;3516;3517;0.60361;12
2572;0;0;0;0.12408;0
2571;1;3514;3515;0.6936;12
2570;0;0;0;0.34318;0
2569;0;0;0;0.098261;0
2568;1;3512;3513;0.96885;8
2567;1;3510;3511;0.16966;3
2566;0;0;0;0.61843;0
2565;1;3508;3509;0.78563;10
2564;0;0;0;0.062071;0
2563;1;3506;3507;0.35204;2
2562;1;3504;3505;0.86319;10
2561;1;3502;3503;0.0261;7
2560;1;3500;3501;0.59934;2
2559;1;3498;3499;0.36278;7
2558;1;3496;3497;0.98678;6
2557;0;0;0;0.10406;0
2556;1;3494;3495;0.99874;6
2555;1;3492;3493;0.99434;1
2554;1;3490;3491;0.38666;12
2553;1;3488;3489;0.93415;4
2552;0;0;0;0.57233;0
2551;0;0;0;0.48051;0
2550;1;3486;3487;0.00037861;12
2549;0;0;0;0.51732;0
2548;1;3484;3485;0.22094;8
2547;0;0;0;0.11804;0
2546;1;3482;3483;0.45251;6
2545;1;3480;3481;0.94886;9
2544;0;0;0;0.17516;0
2543;1;3478;3479;0.56538;8
2542;1;3476;3477;0.11755;7
2541;1;3474;3475;0.087726;2
2540;1;3472;3473;0.033803;5
2539;1;3470;3471;0.80365;2
2538;1;3468;3469;0.023043;5
2537;1;3466;3467;0.25859;8
2536;1;3464;3465;0.10982;2
2535;1;3462;3463;0.81822;10
2534;1;3460;3461;0.57647;8
2533;1;3458;3459;0.96972;6
2532;1;3456;3457;0.99865;6
2531;1;3454;3455;0.29359;8
2530;1;3452;3453;0.58123;2
2529;1;3450;3451;0.81773;4
2528;1;3448;3449;0.91668;4
2527;1;3446;3447;0.74715;4
2526;1;3444;3445;0.85499;7
2525;1;3442;3443;0.89172;10
2524;1;3440;3441;0.94396;4
2523;1;3438;3439;0.75017;11
2522;1;3436;3437;0.9624;12
2521;1;3434;3435;0.78447;2
2520;0;0;0;0.31407;0
2519;1;3432;3433;0.13667;8
2518;1;3430;3431;0.02977;8
2517;1;3428;3429;0.013435;5
2516;1;3426;3427;0.45633;2
2515;1;3424;3425;0.57907;12
2514;1;3422;3423;0.38724;12
2513;0;0;0;0.7416;0
2512;1;3420;3421;0.43333;3
2511;1;3418;3419;0.3151;6
2510;1;3416;3417;0.59162;3
2509;1;3414;3415;0.073135;2
2508;0;0;0;0.82837;0
2507;1;3412;3413;0.10066;9
2506;1;3410;3411;0.0059056;9
2505;1;3408;3409;0.57683;11
2504;0;0;0;0.48924;0
2503;0;0;0;0.33513;0
2502;0;0;0;0.071373;0
2501;1;3406;3407;0.66943;6
2500;0;0;0;0.55465;0
2499;1;3404;3405;0.79933;7
2498;0;0;0;0.78356;0
2497;1;3402;3403;0.36007;6
2496;1;3400;3401;0.31308;7
2495;1;3398;3399;0.0034946;5
2494;1;3396;3397;0.15043;7
2493;1;3394;3395;0.72048;10
2492;1;3392;3393;0.082051;2
2491;0;0;0;0.51435;0
2490;0;0;0;0.64307;0
2489;1;3390;3391;0.54235;4
2488;0;0;0;0.066349;0
2487;0;0;0;0.57322;0
2486;1;3388;3389;0.96933;6
2485;0;0;0;0.11325;0
2484;1;3386;3387;0.76863;7
2483;1;3384;3385;0.28826;12
2482;1;3382;3383;0.91588;7
2481;1;3380;3381;0.20266;2
2480;1;3378;3379;0.028498;2
2479;1;3376;3377;0.057415;9
2478;1;3374;3375;0.03006;5
2477;1;3372;3373;0.07967;8
2476;1;3370;3371;0.3828;9
2475;1;3368;3369;0.92974;2
2474;1;3366;3367;0.20642;12
2473;1;3364;3365;0.43099;3
2472;1;3362;3363;0.23237;10
2471;1;3360;3361;0.89952;9
2470;0;0;0;0.046821;0
2469;0;0;0;0.099005;0
2468;0;0;0;0.37609;0
2467;0;0;0;0.64925;0
2466;0;0;0;0.79008;0
2465;0;0;0;0.55109;0
2464;1;3358;3359;0.29466;10
2463;1;3356;3357;0.92605;12
2462;1;3354;3355;0.51772;1
2461;0;0;0;0.10935;0
2460;1;3352;3353;0.063112;9
2459;1;3350;3351;0.68528;8
2458;1;3348;3349;0.3609;2
2457;0;0;0;0.17204;0
2456;0;0;0;0.35455;0
2455;0;0;0;0.80785;0
2454;0;0;0;0.51913;0
2453;1;3346;3347;0.68424;4
2452;0;0;0;0.76018;0
2451;1;3344;3345;0.3348;10
2450;1;3342;3343;0.22802;2
2449;1;3340;3341;0.017998;9
2448;0;0;0;0.29825;0
2447;1;3338;3339;0.63414;8
2446;1;3336;3337;0.3275;10
2445;0;0;0;0.21083;0
2444;0;0;0;0.67389;0
2443;1;3334;3335;0.30068;9
2442;1;3332;3333;0.66298;8
2441;1;3330;3331;0.21127;10
2440;0;0;0;0.71129;0
2439;1;3328;3329;0.0066425;6
2438;1;3326;3327;0.061029;9
2437;1;3324;3325;0.43169;9
2436;1;3322;3323;0.32134;12
2435;1;3320;3321;0.15769;7
2434;1;3318;3319;0.12088;10
2433;1;3316;3317;0.56796;3
2432;1;3314;3315;0.089249;5
2431;0;0;0;0.098447;0
2430;1;3312;3313;0.99667;6
2429;1;3310;3311;0.19604;7
2428;1;3308;3309;0.77006;4
2427;1;3306;3307;0.99152;6
2426;1;3304;3305;0.96953;6
2425;1;3302;3303;0.3816;1
2424;0;0;0;0.16042;0
2423;0;0;0;0.46593;0
2422;0;0;0;0.09357;0
2421;1;3300;3301;0.3964;3
2420;1;3298;3299;0.33732;3
2419;1;3296;3297;0.46973;3
2418;1;3294;3295;0.20636;10
2417;1;3292;3293;0.064789;5
2416;1;3290;3291;0.63016;3
2415;1;3288;3289;0.021698;4
2414;0;0;0;0.033325;0
2413;0;0;0;0.55518;0
2412;0;0;0;0.11201;0
2411;1;3286;3287;0.84344;6
2410;1;3284;3285;0.79423;6
2409;0;0;0;0.50074;0
2408;0;0;0;0.15291;0
2407;1;3282;3283;0.040295;9
2406;1;3280;3281;0.48648;12
2405;1;3278;3279;0.43721;6
2404;1;3276;3277;0.15812;12
2403;1;3274;3275;0.60458;8
2402;1;3272;3273;0.782;11
2401;1;3270;3271;0.21427;5
2400;0;0;0;0.19488;0
2399;1;3268;3269;0.73357;2
2398;1;3266;3267;0.83719;2
2397;1;3264;3265;0.52547;3
2396;0;0;0;0.078825;0
2395;1;3262;3263;0.021123;5
2394;1;3260;3261;0.62702;3
2393;1;3258;3259;0.12394;5
2392;0;0;0;0.043428;0
2391;1;3256;3257;0.42495;4
2390;0;0;0;0.17012;0
2389;0;0;0;0.095844;0
2388;1;3254;3255;0.94863;3
2387;1;3252;3253;0.10185;3
2386;1;3250;3251;0.90479;7
2385;0;0;0;0.31615;0
2384;0;0;0;0.064411;0
2383;0;0;0;0.41801;0
2382;0;0;0;0.19044;0
2381;0;0;0;0.63913;0
2380;0;0;0;0.52342;0
2379;1;3248;3249;0.3121;10
2378;1;3246;3247;0.65725;2
2377;1;3244;3245;0.33317;10
2376;0;0;0;0.23189;0
2375;1;3242;3243;0.69227;8
2374;1;3240;3241;0.77272;9
2373;1;3238;3239;0.81513;1
2372;0;0;0;0.40492;0
2371;1;3236;3237;0.43734;12
2370;1;3234;3235;0.68857;6
2369;1;3232;3233;0.35279;12
2368;1;3230;3231;0.79342;3
2367;0;0;0;0.52024;0
2366;0;0;0;0.18222;0
2365;1;3228;3229;0.0038464;5
2364;1;3226;3227;0.0018081;9
2363;1;3224;3225;0.18714;10
2362;1;3222;3223;0.028421;6
2361;1;3220;3221;0.35729;11
2360;1;3218;3219;0.085933;10
2359;1;3216;3217;0.36295;8
2358;1;3214;3215;0.81759;7
2357;0;0;0;0.89519;0
2356;1;3212;3213;0.74515;2
2355;1;3210;3211;0.21916;3
2354;1;3208;3209;0.18475;12
2353;1;3206;3207;0.82522;6
2352;1;3204;3205;0.51884;2
2351;1;3202;3203;0.53515;6
2350;1;3200;3201;0.43914;12
2349;0;0;0;0.064492;0
2348;1;3198;3199;0.8329;1
2347;1;3196;3197;0.69691;4
2346;1;3194;3195;0.28697;9
2345;1;3192;3193;0.26978;10
2344;1;3190;3191;0.95352;6
2343;0;0;0;0.6192;0
2342;1;3188;3189;0.96035;4
2341;1;3186;3187;0.15491;2
2340;1;3184;3185;0.015479;6
2339;0;0;0;0.035706;0
2338;0;0;0;0.34923;0
2337;0;0;0;0.86275;0
2336;1;3182;3183;0.48568;7
2335;1;3180;3181;0.074228;8
2334;0;0;0;0.6769;0
2333;1;3178;3179;0.18607;10
2332;0;0;0;0.17289;0
2331;1;3176;3177;0.85109;11
2330;0;0;0;0.32252;0
2329;0;0;0;0.090358;0
2328;0;0;0;0.84304;0
2327;1;3174;3175;0.0041769;5
2326;1;3172;3173;0.94967;11
2325;0;0;0;0.25109;0
2324;0;0;0;0.050187;0
2323;1;3170;3171;0.3803;8
2322;0;0;0;0.36875;0
2321;1;3168;3169;0.86668;4
2320;0;0;0;0.92857;0
2319;1;3166;3167;0.21206;8
2318;1;3164;3165;0.11663;3
2317;1;3162;3163;0.52632;8
2316;1;3160;3161;0.027991;5
2315;1;3158;3159;0.89378;5
2314;1;3156;3157;0.54384;4
2313;1;3154;3155;0.99972;8
2312;1;3152;3153;0.36683;12
2311;1;3150;3151;0.28529;2
2310;1;3148;3149;0.1833;11
2309;1;3146;3147;0.68297;4
2308;1;3144;3145;0.57862;8
2307;1;3142;3143;0.48022;12
2306;1;3140;3141;0.97033;1
2305;1;3138;3139;0.21566;11
2304;1;3136;3137;0.35759;12
2303;1;3134;3135;0.096026;5
2302;1;3132;3133;0.80146;10
2301;1;3130;3131;0.0093062;5
2300;1;3128;3129;0.10422;2
2299;1;3126;3127;0.38823;3
2298;1;3124;3125;0.23221;4
2297;1;3122;3123;0.12293;5
2296;1;3120;3121;0.48277;8
2295;1;3118;3119;0.89416;6
2294;1;3116;3117;0.72093;12
2293;1;3114;3115;0.79298;7
2292;0;0;0;0.076976;0
2291;1;3112;3113;0.33692;2
2290;1;3110;3111;0.67142;7
2289;1;3108;3109;0.72008;7
2288;1;3106;3107;0.70647;3
2287;1;3104;3105;0.98823;7
2286;1;3102;3103;0.04207;11
2285;1;3100;3101;0.47082;10
2284;1;3098;3099;0.41662;7
2283;1;3096;3097;0.70671;1
2282;1;3094;3095;0.31814;2
2281;1;3092;3093;0.90327;2
2280;1;3090;3091;0.14744;9
2279;1;3088;3089;0.85593;4
2278;1;3086;3087;0.63952;6
2277;1;3084;3085;0.12976;10
2276;1;3082;3083;0.25445;9
2275;1;3080;3081;0.37314;8
2274;1;3078;3079;0.32399;8
2273;0;0;0;0.54885;0
2272;1;3076;3077;0.5246;1
2271;1;3074;3075;0.0082927;9
2270;1;3072;3073;0.9993;12
2269;1;3070;3071;0.10705;5
2268;1;3068;3069;0.20459;5
2267;1;3066;3067;0.74977;3
2266;0;0;0;0.27873;0
2265;0;0;0;0.38832;0
2264;0;0;0;0.57598;0
2263;0;0;0;0.5496;0
2262;0;0;0;0.28241;0
2261;1;3064;3065;0.8862;8
2260;0;0;0;0.033826;0
2259;1;3062;3063;0.60525;2
2258;0;0;0;0.053778;0
2257;0;0;0;0.17345;0
2256;1;3060;3061;0.65338;3
2255;0;0;0;0.63358;0
2254;0;0;0;0.35778;0
2253;1;3058;3059;0.85452;7
2252;0;0;0;0.32009;0
2251;0;0;0;0.31651;0
2250;0;0;0;0.90166;0
2249;0;0;0;0.028547;0
2248;1;3056;3057;0.81083;6
2247;0;0;0;0.28882;0
2246;0;0;0;0.12913;0
2245;0;0;0;0.79413;0
2244;0;0;0;0.34173;0
2243;0;0;0;0.75671;0
2242;0;0;0;0.090864;0
2241;1;3054;3055;0.3519;12
2240;1;3052;3053;0.89656;4
2239;1;3050;3051;0.40832;8
2238;1;3048;3049;0.98686;4
2237;1;3046;3047;0.042176;2
2236;1;3044;3045;0.81909;4
2235;1;3042;3043;0.8972;6
2234;1;3040;3041;0.62116;8
2233;1;3038;3039;0.88536;2
2232;0;0;0;0.32263;0
2231;1;3036;3037;0.90206;4
2230;1;3034;3035;0.3489;10
2229;1;3032;3033;0.20519;2
2228;1;3030;3031;0.44414;2
2227;0;0;0;0.1892;0
2226;1;3028;3029;0.98026;6
2225;1;3026;3027;0.87387;7
2224;1;3024;3025;0.99761;6
2223;1;3022;3023;0.21288;10
2222;1;3020;3021;0.022357;9
2221;0;0;0;0.8676;0
2220;1;3018;3019;0.010748;9
2219;1;3016;3017;0.84214;7
2218;1;3014;3015;0.10212;11
2217;1;3012;3013;0.82749;12
2216;0;0;0;0.079091;0
2215;1;3010;3011;0.0011596;4
2214;0;0;0;0.47028;0
2213;1;3008;3009;0.36049;4
2212;1;3006;3007;0.0055342;5
2211;0;0;0;0.64739;0
2210;1;3004;3005;0.54035;8
2209;0;0;0;0.19969;0
2208;1;3002;3003;0.53847;3
2207;0;0;0;0.11042;0
2206;1;3000;3001;0.7972;12
2205;0;0;0;0.92351;0
2204;0;0;0;0.58326;0
2203;0;0;0;0.037653;0
2202;1;2998;2999;0.080021;11
2201;0;0;0;0.30485;0
2200;0;0;0;0.65187;0
2199;1;2996;2997;0.5808;2
2198;1;2994;2995;0.8563;12
2197;1;2992;2993;0.98277;12
2196;1;2990;2991;0.35346;3
2195;1;2988;2989;0.40646;4
2194;1;2986;2987;0.67371;10
2193;0;0;0;0.48967;0
2192;0;0;0;0.068102;0
2191;1;2984;2985;0.1575;11
2190;1;2982;2983;0.43703;4
2189;1;2980;2981;0.020405;1
2188;0;0;0;0.83473;0
2187;1;2978;2979;0.32911;6
2186;1;2976;2977;0.93432;6
2185;0;0;0;0.13785;0
2184;1;2974;2975;0.70279;4
2183;0;0;0;0.91023;0
2182;1;2972;2973;0.99564;7
2181;0;0;0;0.69035;0
2180;0;0;0;0.34974;0
2179;1;2970;2971;0.61265;4
2178;1;2968;2969;0.53489;4
2177;1;2966;2967;0.71511;12
2176;1;2964;2965;0.31236;8
2175;1;2962;2963;0.8696;7
2174;1;2960;2961;0.7586;2
2173;1;2958;2959;0.93642;8
2172;1;2956;2957;0.94075;7
2171;1;2954;2955;0.74493;6
2170;1;2952;2953;0.47308;2
2169;0;0;0;0.17844;0
2168;1;2950;2951;0.052538;4
2167;1;2948;2949;0.066047;1
2166;0;0;0;0.10023;0
2165;0;0;0;0.95949;0
2164;0;0;0;0.74282;0
2163;0;0;0;0.18241;0
2162;1;2946;2947;0.23171;8
2161;0;0;0;0.60693;0
2160;1;2944;2945;0.49913;12
2159;1;2942;2943;0.97995;7
2158;0;0;0;0.65819;0
2157;1;2940;2941;0.49816;12
2156;0;0;0;0.70086;0
2155;1;2938;2939;0.67699;1
2154;1;2936;2937;0.47728;3
2153;1;2934;2935;0.53355;2
2152;1;2932;2933;0.63058;2
2151;1;2930;2931;0.19768;5
2150;1;2928;2929;0.0013499;9
2149;1;2926;2927;0.098429;3
2148;1;2924;2925;0.57342;3
2147;1;2922;2923;0.88684;6
2146;1;2920;2921;0.0058153;5
2145;1;2918;2919;0.73378;7
2144;1;2916;2917;0.70869;6
2143;0;0;0;0.35764;0
2142;0;0;0;0.030037;0
2141;1;2914;2915;0.38182;10
2140;1;2912;2913;0.34484;4
2139;1;2910;2911;0.68108;9
2138;1;2908;2909;0.11294;8
2137;0;0;0;0.12463;0
2136;1;2906;2907;0.97048;4
2135;0;0;0;0.095895;0
2134;1;2904;2905;0.96044;7
2133;1;2902;2903;0.094573;5
2132;0;0;0;0.35406;0
2131;0;0;0;0.40503;0
2130;0;0;0;0.57687;0
2129;0;0;0;0.80954;0
2128;1;2900;2901;0.2312;5
2127;0;0;0;0.89307;0
2126;0;0;0;0.57689;0
2125;1;2898;2899;0.11164;10
2124;0;0;0;0.6217;0
2123;1;2896;2897;0.93479;6
2122;1;2894;2895;0.0088536;2
2121;0;0;0;0.10828;0
2120;1;2892;2893;0.031213;5
2119;0;0;0;0.66072;0
2118;0;0;0;0.30812;0
2117;0;0;0;0.26883;0
2116;0;0;0;0.96252;0
2115;1;2890;2891;0.74094;2
2114;0;0;0;0.48253;0
2113;0;0;0;0.092712;0
2112;1;2888;2889;0.26721;8
2111;1;2886;2887;0.8837;7
2110;1;2884;2885;0.0077451;9
2109;0;0;0;0.097566;0
2108;1;2882;2883;0.40638;8
2107;1;2880;2881;0.94669;9
2106;0;0;0;0.021045;0
2105;1;2878;2879;0.60257;8
2104;0;0;0;0.87669;0
2103;0;0;0;0.03324;0
2102;0;0;0;0.44722;0
2101;1;2876;2877;0.31895;7
2100;1;2874;2875;0.3213;8
2099;1;2872;2873;0.39772;8
2098;1;2870;2871;0.36017;11
2097;1;2868;2869;0.77367;12
2096;0;0;0;0.39021;0
2095;1;2866;2867;0.40716;2
2094;1;2864;2865;0.98235;6
2093;0;0;0;0.68794;0
2092;0;0;0;0.22891;0
2091;1;2862;2863;0.7881;7
2090;1;2860;2861;0.56111;7
2089;0;0;0;0.099561;0
2088;1;2858;2859;0.12667;9
2087;1;2856;2857;0.0083668;5
2086;0;0;0;0.17372;0
2085;1;2854;2855;0.11196;6
2084;1;2852;2853;0.25145;1
2083;0;0;0;0.23738;0
2082;0;0;0;0.63025;0
2081;0;0;0;0.37577;0
2080;1;2850;2851;0.63578;8
2079;0;0;0;0.13198;0
2078;0;0;0;0.42519;0
2077;1;2848;2849;0.62839;1
2076;1;2846;2847;0.37441;8
2075;1;2844;2845;0.4422;8
2074;1;2842;2843;0.10262;9
2073;1;2840;2841;0.0036864;12
2072;0;0;0;0.82323;0
2071;0;0;0;0.080933;0
2070;0;0;0;0.78803;0
2069;1;2838;2839;0.021381;5
2068;0;0;0;0.15327;0
2067;0;0;0;0.79715;0
2066;0;0;0;0.66507;0
2065;1;2836;2837;0.15713;9
2064;0;0;0;0.12643;0
2063;1;2834;2835;0.75341;6
2062;1;2832;2833;0.692;12
2061;1;2830;2831;0.22877;5
2060;1;2828;2829;0.27874;8
2059;1;2826;2827;0.56619;8
2058;0;0;0;0.051545;0
2057;0;0;0;0.50961;0
2056;1;2824;2825;0.042017;9
2055;0;0;0;0.61339;0
2054;1;2822;2823;0.60029;1
2053;1;2820;2821;0.23116;2
2052;1;2818;2819;0.98802;6
2051;0;0;0;0.65111;0
2050;1;2816;2817;0.17699;2
2049;0;0;0;0.57088;0
2048;0;0;0;0.25626;0
2047;1;2814;2815;0.54764;11
2046;0;0;0;0.86462;0
2045;0;0;0;0.74773;0
2044;1;2812;2813;0.33055;6
2043;0;0;0;0.2849;0
2042;1;2810;2811;0.88785;6
2041;0;0;0;0.41602;0
2040;0;0;0;0.24651;0
2039;0;0;0;0.6861;0
2038;0;0;0;0.086444;0
2037;0;0;0;0.40108;0
2036;1;2808;2809;0.99624;6
2035;1;2806;2807;0.0020784;5
2034;0;0;0;0.74494;0
2033;1;2804;2805;0.057052;11
2032;1;2802;2803;0.75774;6
2031;1;2800;2801;0.050136;5
2030;0;0;0;0.041638;0
2029;0;0;0;0.26273;0
2028;1;2798;2799;0.94259;8
2027;1;2796;2797;0.53108;2
2026;0;0;0;0.1769;0
2025;1;2794;2795;0.31623;2
2024;0;0;0;0.7173;0
2023;0;0;0;0.038189;0
2022;1;2792;2793;0.0053178;9
2021;0;0;0;0.17025;0
2020;0;0;0;0.5596;0
2019;0;0;0;0.1847;0
2018;1;2790;2791;0.87813;6
2017;1;2788;2789;0.40045;9
2016;0;0;0;0.030938;0
2015;0;0;0;0.098128;0
2014;1;2786;2787;0.57884;1
2013;0;0;0;0.34977;0
2012;1;2784;2785;0.76249;7
2011;0;0;0;0.14177;0
2010;0;0;0;0.37424;0
2009;1;2782;2783;0.93961;3
2008;1;2780;2781;0.75799;7
2007;1;2778;2779;0.042054;5
2006;0;0;0;0.59424;0
2005;1;2776;2777;0.83522;1
2004;1;2774;2775;0.19642;4
2003;0;0;0;0.37962;0
2002;0;0;0;0.07475;0
2001;0;0;0;0.30523;0
2000;0;0;0;0.64032;0
1999;0;0;0;0.16021;0
1998;1;2772;2773;0.49687;6
1997;1;2770;2771;0.68281;6
1996;1;2768;2769;0.48236;6
1995;0;0;0;0.16885;0
1994;1;2766;2767;0.29879;4
1993;0;0;0;0.38755;0
1992;0;0;0;0.13658;0
1991;1;2764;2765;0.29618;3
1990;1;2762;2763;0.41856;3
1989;0;0;0;0.026779;0
1988;0;0;0;0.25836;0
1987;0;0;0;0.59777;0
1986;1;2760;2761;0.67576;1
1985;0;0;0;0.14112;0
1984;0;0;0;0.38604;0
1983;1;2758;2759;0.45517;9
1982;1;2756;2757;0.81543;4
1981;1;2754;2755;0.001053;9
1980;0;0;0;0.012254;0
1979;1;2752;2753;0.72029;6
1978;1;2750;2751;0.071782;10
1977;1;2748;2749;0.058111;9
1976;0;0;0;0.55681;0
1975;0;0;0;0.066422;0
1974;0;0;0;0.28411;0
1973;1;2746;2747;0.8164;4
1972;1;2744;2745;0.50726;3
1971;1;2742;2743;0.58693;1
1970;1;2740;2741;0.019904;9
1969;1;2738;2739;0.84944;1
1968;1;2736;2737;0.17888;2
1967;0;0;0;0.48549;0
1966;0;0;0;0.096488;0
1965;0;0;0;0.1892;0
1964;0;0;0;0.50088;0
1963;1;2734;2735;0.54633;1
1962;0;0;0;0.092065;0
1961;1;2732;2733;0.4006;4
1960;0;0;0;0.19429;0
1959;1;2730;2731;0.64647;1
1958;0;0;0;0.39713;0
1957;0;0;0;0.31938;0
1956;0;0;0;0.52074;0
1955;1;2728;2729;0.1191;9
1954;1;2726;2727;0.53494;8
1953;1;2724;2725;0.71816;9
1952;1;2722;2723;0.96124;1
1951;0;0;0;0.2311;0
1950;1;2720;2721;0.17565;3
1949;1;2718;2719;0.59894;8
1948;1;2716;2717;0.90326;2
1947;1;2714;2715;0.34919;2
1946;0;0;0;0.35751;0
1945;1;2712;2713;0.57911;9
1944;0;0;0;0.089531;0
1943;0;0;0;0.12972;0
1942;1;2710;2711;0.11381;5
1941;0;0;0;0.22797;0
1940;0;0;0;0.60496;0
1939;0;0;0;0.2873;0
1938;1;2708;2709;0.34282;6
1937;1;2706;2707;0.048854;9
1936;0;0;0;0.12189;0
1935;1;2704;2705;0.18093;8
1934;0;0;0;0.35128;0
1933;0;0;0;0.51177;0
1932;1;2702;2703;0.0015928;9
1931;0;0;0;0.41296;0
1930;0;0;0;0.72814;0
1929;1;2700;2701;0.59133;1
1928;0;0;0;0.88372;0
1927;0;0;0;0.51775;0
1926;0;0;0;0.27853;0
1925;0;0;0;0.5195;0
1924;0;0;0;0.74153;0
1923;0;0;0;0.37437;0
1922;1;2698;2699;0.065013;2
1921;0;0;0;0.48296;0
1920;0;0;0;0.61409;0
1919;0;0;0;0.7432;0
1918;0;0;0;0.52953;0
1917;1;2696;2697;0.0067719;10
1916;0;0;0;0.21842;0
1915;1;2694;2695;0.84928;8
1914;0;0;0;0.6291;0
1913;0;0;0;0.10668;0
1912;1;2692;2693;0.26354;11
1911;1;2690;2691;0.00012602;9
1910;0;0;0;0.18558;0
1909;0;0;0;0.19927;0
1908;1;2688;2689;0.072067;9
1907;1;2686;2687;0.052259;2
1906;0;0;0;0.13867;0
1905;0;0;0;0.53107;0
1904;0;0;0;0.77098;0
1903;0;0;0;0.26594;0
1902;0;0;0;0.58499;0
1901;0;0;0;0.40371;0
1900;0;0;0;0.58992;0
1899;0;0;0;0.26092;0
1898;0;0;0;0.39049;0
1897;0;0;0;0.42126;0
1896;1;2684;2685;0.92842;2
1895;1;2682;2683;0.72541;11
1894;1;2680;2681;0.0078199;9
1893;0;0;0;0.39871;0
1892;0;0;0;0.61398;0
1891;0;0;0;0.11941;0
1890;0;0;0;0.91808;0
1889;1;2678;2679;0.63821;10
1888;1;2676;2677;0.011333;6
1887;1;2674;2675;0.78526;7
1886;1;2672;2673;0.98642;8
1885;0;0;0;0.3664;0
1884;0;0;0;0.56592;0
1883;0;0;0;0.65676;0
1882;1;2670;2671;0.59427;2
1881;0;0;0;0.12525;0
1880;0;0;0;0.29478;0
1879;0;0;0;0.39448;0
1878;0;0;0;0.70563;0
1877;0;0;0;0.33955;0
1876;0;0;0;0.45409;0
1875;0;0;0;0.65943;0
1874;0;0;0;0.46986;0
1873;0;0;0;0.099976;0
1872;0;0;0;0.4823;0
1871;1;2668;2669;0.034509;9
1870;1;2666;2667;0.73046;8
1869;1;2664;2665;0.50599;2
1868;1;2662;2663;0.49442;12
1867;1;2660;2661;0.94075;4
1866;1;2658;2659;0.24958;3
1865;1;2656;2657;0.58972;1
1864;1;2654;2655;0.81019;8
1863;0;0;0;0.3965;0
1862;1;2652;2653;0.14766;10
1861;1;2650;2651;0.20691;10
1860;1;2648;2649;0.86318;6
1859;0;0;0;0.11672;0
1858;0;0;0;0.49274;0
1857;1;2646;2647;0.24565;10
1856;1;2644;2645;0.19302;6
1855;0;0;0;0.082991;0
1854;1;2642;2643;0.1775;10
1853;1;2640;2641;0.7474;4
1852;1;2638;2639;0.99353;11
1851;1;2636;2637;0.70909;12
1850;1;2634;2635;0.95521;8
1849;0;0;0;0.12573;0
1848;1;2632;2633;0.27549;12
1847;0;0;0;0.16698;0
1846;1;2630;2631;0.99942;6
1845;1;2628;2629;0.98795;8
1844;0;0;0;0.76338;0
1843;0;0;0;0.083925;0
1842;1;2626;2627;0.43636;3
1841;1;2624;2625;0.60168;2
1840;0;0;0;0.092729;0
1839;1;2622;2623;0.17715;2
1838;1;2620;2621;0.72852;4
1837;0;0;0;0.69968;0
1836;0;0;0;0.43289;0
1835;1;2618;2619;0.53322;5
1834;1;2616;2617;0.074066;5
1833;1;2614;2615;0.96545;1
1832;1;2612;2613;0.93966;8
1831;1;2610;2611;0.38243;3
1830;1;2608;2609;0.7614;5
1829;1;2606;2607;0.98662;4
1828;1;2604;2605;0.69927;9
1827;1;2602;2603;0.28031;3
1826;1;2600;2601;0.8744;11
1825;1;2598;2599;0.99716;4
1824;0;0;0;0.20032;0
1823;0;0;0;0.18517;0
1822;0;0;0;0.5775;0
1821;0;0;0;0.43274;0
1820;1;2596;2597;0.88045;8
1819;0;0;0;0.56976;0
1818;0;0;0;0.48828;0
1817;1;2594;2595;0.65116;6
1816;0;0;0;0.95877;0
1815;1;2592;2593;0.34781;2
1814;0;0;0;0.2372;0
1813;0;0;0;0.17732;0
1812;1;2590;2591;0.79583;6
1811;1;2588;2589;0.84924;8
1810;1;2586;2587;0.98152;6
1809;1;2584;2585;0.80048;2
1808;1;2582;2583;0.052084;9
1807;1;2580;2581;0.46867;12
1806;1;2578;2579;0.34139;3
1805;1;2576;2577;0.9854;12
1804;1;2574;2575;0.3602;10
1803;0;0;0;0.68725;0
1802;1;2572;2573;0.17406;1
1801;0;0;0;0.35579;0
1800;0;0;0;0.026584;0
1799;0;0;0;0.50808;0
1798;1;2570;2571;0.7327;8
1797;0;0;0;0.16174;0
1796;0;0;0;0.60224;0
1795;1;2568;2569;0.012175;5
1794;0;0;0;0.49429;0
1793;0;0;0;0.13231;0
1792;0;0;0;0.31114;0
1791;0;0;0;0.45736;0
1790;0;0;0;0.26037;0
1789;0;0;0;0.16857;0
1788;1;2566;2567;0.47518;11
1787;1;2564;2565;0.71083;11
1786;1;2562;2563;0.60772;12
1785;1;2560;2561;0.93006;6
1784;0;0;0;0.086685;0
1783;1;2558;2559;0.97612;5
1782;1;2556;2557;0.4231;2
1781;0;0;0;0.1268;0
1780;1;2554;2555;0.36737;8
1779;1;2552;2553;0.26035;5
1778;0;0;0;0.38949;0
1777;1;2550;2551;0.51485;8
1776;1;2548;2549;0.49583;2
1775;0;0;0;0.31925;0
1774;0;0;0;0.099184;0
1773;1;2546;2547;0.019119;5
1772;1;2544;2545;0.21524;8
1771;1;2542;2543;0.03899;5
1770;1;2540;2541;0.46717;1
1769;1;2538;2539;0.87892;9
1768;1;2536;2537;0.050083;5
1767;1;2534;2535;0.69758;2
1766;1;2532;2533;0.67774;2
1765;1;2530;2531;0.38096;6
1764;1;2528;2529;2.8953e-05;3
1763;1;2526;2527;0.80313;1
1762;1;2524;2525;0.014583;3
1761;0;0;0;0.23204;0
1760;1;2522;2523;0.12528;9
1759;1;2520;2521;0.99649;11
1758;0;0;0;0.62562;0
1757;1;2518;2519;0.08398;8
1756;0;0;0;0.40305;0
1755;1;2516;2517;0.011604;5
1754;0;0;0;0.23776;0
1753;1;2514;2515;0.58301;3
1752;1;2512;2513;0.41462;8
1751;1;2510;2511;0.040819;8
1750;1;2508;2509;0.17883;12
1749;1;2506;2507;0.96886;1
1748;1;2504;2505;0.41339;2
1747;1;2502;2503;0.15146;9
1746;1;2500;2501;0.49985;2
1745;1;2498;2499;0.82381;4
1744;0;0;0;0.89151;0
1743;1;2496;2497;0.11164;3
1742;1;2494;2495;0.27606;8
1741;0;0;0;0.56545;0
1740;0;0;0;0.12746;0
1739;1;2492;2493;0.58895;3
1738;1;2490;2491;0.81738;3
1737;1;2488;2489;0.11004;10
1736;1;2486;2487;0.69835;8
1735;1;2484;2485;0.63929;1
1734;0;0;0;0.12006;0
1733;1;2482;2483;0.82113;4
1732;1;2480;2481;0.04395;9
1731;1;2478;2479;0.63007;3
1730;1;2476;2477;0.20805;3
1729;1;2474;2475;0.0093498;8
1728;1;2472;2473;0.40769;3
1727;0;0;0;0.14886;0
1726;1;2470;2471;0.046095;2
1725;1;2468;2469;0.0047567;9
1724;1;2466;2467;0.27143;10
1723;0;0;0;0.13349;0
1722;1;2464;2465;0.71285;3
1721;0;0;0;0.10225;0
1720;1;2462;2463;0.61821;5
1719;0;0;0;0.58665;0
1718;0;0;0;0.35264;0
1717;1;2460;2461;0.79915;11
1716;1;2458;2459;0.29927;6
1715;1;2456;2457;0.39429;6
1714;1;2454;2455;0.014208;9
1713;1;2452;2453;0.062893;5
1712;0;0;0;0.072453;0
1711;1;2450;2451;0.25835;2
1710;0;0;0;0.061908;0
1709;1;2448;2449;0.38244;1
1708;1;2446;2447;0.98182;12
1707;1;2444;2445;0.27632;8
1706;0;0;0;0.14128;0
1705;0;0;0;0.58427;0
1704;0;0;0;0.29305;0
1703;1;2442;2443;0.025786;5
1702;1;2440;2441;0.64917;1
1701;1;2438;2439;0.80665;4
1700;1;2436;2437;0.44585;6
1699;1;2434;2435;0.031246;5
1698;1;2432;2433;0.95775;6
1697;1;2430;2431;0.0016512;9
1696;0;0;0;0.044428;0
1695;1;2428;2429;0.36252;3
1694;1;2426;2427;0.52804;3
1693;1;2424;2425;0.14518;10
1692;1;2422;2423;0.99859;6
1691;1;2420;2421;0.36031;5
1690;1;2418;2419;0.10086;5
1689;1;2416;2417;0.33102;10
1688;1;2414;2415;0.0020718;9
1687;0;0;0;0.059983;0
1686;1;2412;2413;0.012241;9
1685;0;0;0;0.34068;0
1684;1;2410;2411;0.13591;5
1683;0;0;0;0.10221;0
1682;0;0;0;0.58363;0
1681;1;2408;2409;0.39155;8
1680;0;0;0;0.71788;0
1679;1;2406;2407;0.4492;8
1678;1;2404;2405;0.0041935;9
1677;1;2402;2403;0.51327;3
1676;0;0;0;0.86992;0
1675;1;2400;2401;0.13642;2
1674;1;2398;2399;0.99261;9
1673;1;2396;2397;0.13616;2
1672;1;2394;2395;0.020777;5
1671;1;2392;2393;0.96338;2
1670;0;0;0;0.644;0
1669;1;2390;2391;0.19727;2
1668;0;0;0;0.84978;0
1667;0;0;0;0.4276;0
1666;0;0;0;0.14651;0
1665;0;0;0;0.35063;0
1664;0;0;0;0.79483;0
1663;1;2388;2389;0.31772;8
1662;1;2386;2387;0.63157;11
1661;0;0;0;0.52029;0
1660;1;2384;2385;0.57238;11
1659;1;2382;2383;0.0085239;5
1658;1;2380;2381;0.46066;11
1657;1;2378;2379;0.74936;1
1656;0;0;0;0.4385;0
1655;1;2376;2377;0.19027;2
1654;1;2374;2375;0.75705;4
1653;0;0;0;0.21389;0
1652;0;0;0;0.51069;0
1651;1;2372;2373;0.024417;2
1650;0;0;0;0.76344;0
1649;1;2370;2371;0.62283;4
1648;0;0;0;0.881;0
1647;1;2368;2369;0.20077;2
1646;0;0;0;0.89414;0
1645;1;2366;2367;0.95291;3
1644;1;2364;2365;0.22777;12
1643;1;2362;2363;0.3909;12
1642;1;2360;2361;0.0042512;5
1641;0;0;0;0.21019;0
1640;1;2358;2359;0.18385;3
1639;1;2356;2357;0.62302;8
1638;1;2354;2355;0.99603;1
1637;1;2352;2353;0.16068;10
1636;1;2350;2351;0.56387;4
1635;1;2348;2349;0.56634;9
1634;0;0;0;0.5344;0
1633;0;0;0;0.18216;0
1632;0;0;0;0.71729;0
1631;1;2346;2347;0.75737;12
1630;1;2344;2345;0.25249;8
1629;0;0;0;0.74954;0
1628;1;2342;2343;0.67;1
1627;1;2340;2341;0.011216;5
1626;1;2338;2339;0.35405;7
1625;1;2336;2337;0.38817;8
1624;1;2334;2335;0.94688;4
1623;1;2332;2333;0.37063;8
1622;0;0;0;0.10509;0
1621;0;0;0;0.55451;0
1620;0;0;0;0.28755;0
1619;0;0;0;0.48213;0
1618;0;0;0;0.29768;0
1617;0;0;0;0.17105;0
1616;0;0;0;0.42247;0
1615;1;2330;2331;0.39854;3
1614;0;0;0;0.31085;0
1613;1;2328;2329;0.019918;7
1612;1;2326;2327;0.027658;3
1611;1;2324;2325;0.29581;10
1610;1;2322;2323;0.66976;11
1609;1;2320;2321;0.69272;7
1608;1;2318;2319;0.75916;1
1607;1;2316;2317;0.98585;10
1606;1;2314;2315;0.86567;6
1605;1;2312;2313;0.68862;3
1604;0;0;0;0.096462;0
1603;1;2310;2311;0.88409;1
1602;1;2308;2309;0.98457;6
1601;1;2306;2307;0.88927;10
1600;1;2304;2305;0.65084;3
1599;1;2302;2303;0.92464;7
1598;1;2300;2301;0.35319;10
1597;1;2298;2299;0.067689;11
1596;1;2296;2297;0.036009;5
1595;1;2294;2295;0.66847;7
1594;1;2292;2293;0.017976;11
1593;1;2290;2291;0.89783;8
1592;1;2288;2289;0.65019;10
1591;1;2286;2287;0.065144;5
1590;1;2284;2285;0.98482;9
1589;1;2282;2283;0.028042;3
1588;1;2280;2281;0.43191;2
1587;1;2278;2279;0.16866;9
1586;1;2276;2277;0.17389;2
1585;0;0;0;0.044176;0
1584;1;2274;2275;0.21666;3
1583;1;2272;2273;0.060258;5
1582;1;2270;2271;0.13939;5
1581;1;2268;2269;0.12493;11
1580;1;2266;2267;0.65336;3
1579;0;0;0;0.20499;0
1578;1;2264;2265;0.058633;5
1577;0;0;0;0.028687;0
1576;1;2262;2263;0.19953;11
1575;1;2260;2261;0.010022;11
1574;0;0;0;0.90554;0
1573;0;0;0;0.33651;0
1572;1;2258;2259;0.00048344;9
1571;1;2256;2257;0.67022;1
1570;1;2254;2255;0.079703;2
1569;0;0;0;0.26413;0
1568;1;2252;2253;0.22027;4
1567;1;2250;2251;0.98831;2
1566;1;2248;2249;0.95013;7
1565;1;2246;2247;0.27585;10
1564;1;2244;2245;0.11854;6
1563;1;2242;2243;0.45808;3
1562;1;2240;2241;0.301;6
1561;1;2238;2239;0.008629;6
1560;1;2236;2237;0.019243;9
1559;1;2234;2235;0.8836;8
1558;1;2232;2233;0.24187;2
1557;1;2230;2231;0.89203;6
1556;1;2228;2229;0.79111;7
1555;1;2226;2227;0.91827;7
1554;0;0;0;0.061471;0
1553;1;2224;2225;0.90698;8
1552;1;2222;2223;0.6554;8
1551;1;2220;2221;0.40554;2
1550;0;0;0;0.91305;0
1549;1;2218;2219;0.4719;10
1548;1;2216;2217;0.95021;8
1547;0;0;0;0.073306;0
1546;1;2214;2215;0.023857;9
1545;1;2212;2213;0.75161;7
1544;0;0;0;0.11829;0
1543;0;0;0;0.014282;0
1542;1;2210;2211;0.00015949;4
1541;1;2208;2209;0.83092;8
1540;1;2206;2207;0.71583;6
1539;0;0;0;0.23;0
1538;1;2204;2205;0.72542;8
1537;0;0;0;0.80099;0
1536;0;0;0;0.38855;0
1535;0;0;0;0.58148;0
1534;1;2202;2203;0.02999;5
1533;0;0;0;0.11555;0
1532;0;0;0;0.3619;0
1531;1;2200;2201;0.87751;7
1530;0;0;0;0.95565;0
1529;1;2198;2199;0.51198;2
1528;1;2196;2197;0.9957;2
1527;1;2194;2195;0.27308;12
1526;1;2192;2193;0.76102;6
1525;1;2190;2191;0.016875;1
1524;1;2188;2189;0.0011999;5
1523;1;2186;2187;0.52443;3
1522;1;2184;2185;0.9947;7
1521;1;2182;2183;0.15348;1
1520;1;2180;2181;0.78355;7
1519;1;2178;2179;0.66532;12
1518;1;2176;2177;0.55059;8
1517;1;2174;2175;0.73861;8
1516;1;2172;2173;0.45611;12
1515;0;0;0;0.13121;0
1514;1;2170;2171;0.02622;11
1513;0;0;0;0.0494;0
1512;1;2168;2169;0.90963;7
1511;1;2166;2167;0.9981;6
1510;1;2164;2165;0.37342;10
1509;1;2162;2163;0.82179;12
1508;0;0;0;0.069391;0
1507;0;0;0;0.070131;0
1506;1;2160;2161;0.20925;11
1505;1;2158;2159;0.4455;4
1504;1;2156;2157;0.72703;7
1503;1;2154;2155;0.82359;9
1502;1;2152;2153;0.937;7
1501;1;2150;2151;0.33038;9
1500;1;2148;2149;0.68134;4
1499;1;2146;2147;0.66247;2
1498;1;2144;2145;0.011953;9
1497;1;2142;2143;0.95976;2
1496;1;2140;2141;0.00022438;12
1495;1;2138;2139;0.00031547;5
1494;0;0;0;0.046279;0
1493;1;2136;2137;0.86806;12
1492;1;2134;2135;0.27756;10
1491;0;0;0;0.037421;0
1490;1;2132;2133;0.012128;9
1489;1;2130;2131;0.17415;5
1488;0;0;0;0.86195;0
1487;1;2128;2129;0.45871;2
1486;1;2126;2127;0.076296;12
1485;0;0;0;0.048668;0
1484;0;0;0;0.31869;0
1483;0;0;0;0.4366;0
1482;0;0;0;0.12645;0
1481;1;2124;2125;0.0024599;9
1480;0;0;0;0.55662;0
1479;0;0;0;0.61687;0
1478;1;2122;2123;0.86265;7
1477;1;2120;2121;0.05006;8
1476;1;2118;2119;0.7285;12
1475;1;2116;2117;0.25584;10
1474;0;0;0;0.040404;0
1473;1;2114;2115;0.74807;12
1472;0;0;0;0.57147;0
1471;1;2112;2113;0.56685;3
1470;1;2110;2111;0.80798;3
1469;1;2108;2109;0.9578;7
1468;1;2106;2107;0.058286;1
1467;1;2104;2105;0.00092556;5
1466;1;2102;2103;0.88627;9
1465;1;2100;2101;0.19923;11
1464;1;2098;2099;0.22921;1
1463;1;2096;2097;0.067898;9
1462;0;0;0;0.054556;0
1461;0;0;0;0.12221;0
1460;1;2094;2095;0.30801;12
1459;0;0;0;0.70828;0
1458;1;2092;2093;0.88562;5
1457;1;2090;2091;0.38675;9
1456;1;2088;2089;0.94949;4
1455;1;2086;2087;0.45844;12
1454;1;2084;2085;0.9834;3
1453;1;2082;2083;0.75362;12
1452;0;0;0;0.94046;0
1451;0;0;0;0.13296;0
1450;1;2080;2081;0.35617;11
1449;0;0;0;0.70923;0
1448;1;2078;2079;0.91949;7
1447;1;2076;2077;0.005089;5
1446;1;2074;2075;0.20648;9
1445;1;2072;2073;0.0012362;5
1444;0;0;0;0.35358;0
1443;1;2070;2071;0.30778;12
1442;1;2068;2069;0.88463;7
1441;1;2066;2067;0.87536;7
1440;0;0;0;0.44186;0
1439;0;0;0;0.40068;0
1438;0;0;0;0.19136;0
1437;0;0;0;0.12469;0
1436;1;2064;2065;0.95207;4
1435;1;2062;2063;0.63674;3
1434;1;2060;2061;0.0035625;9
1433;1;2058;2059;0.77571;1
1432;1;2056;2057;0.49016;5
1431;0;0;0;0.58229;0
1430;0;0;0;0.79312;0
1429;0;0;0;0.63595;0
1428;1;2054;2055;0.80377;8
1427;1;2052;2053;0.81215;12
1426;1;2050;2051;0.89021;3
1425;0;0;0;0.86207;0
1424;0;0;0;0.41785;0
1423;0;0;0;0.50711;0
1422;0;0;0;0.59598;0
1421;1;2048;2049;0.042281;10
1420;1;2046;2047;0.015871;9
1419;1;2044;2045;0.28284;1
1418;0;0;0;0.96625;0
1417;1;2042;2043;0.77628;7
1416;0;0;0;0.69594;0
1415;0;0;0;0.1539;0
1414;1;2040;2041;0.26484;2
1413;0;0;0;0.79218;0
1412;1;2038;2039;0.6318;8
1411;0;0;0;0.70396;0
1410;0;0;0;0.80565;0
1409;1;2036;2037;0.8913;8
1408;1;2034;2035;0.79797;4
1407;1;2032;2033;0.74602;7
1406;1;2030;2031;0.00076357;9
1405;1;2028;2029;0.082212;9
1404;1;2026;2027;0.50889;4
1403;1;2024;2025;0.29958;6
1402;1;2022;2023;0.38271;4
1401;1;2020;2021;0.9264;7
1400;0;0;0;0.25673;0
1399;0;0;0;0.31246;0
1398;0;0;0;0.13561;0
1397;0;0;0;0.049929;0
1396;1;2018;2019;0.015852;9
1395;1;2016;2017;0.0010772;9
1394;1;2014;2015;0.27817;2
1393;0;0;0;0.060804;0
1392;0;0;0;0.50964;0
1391;0;0;0;0.5915;0
1390;1;2012;2013;0.16036;2
1389;1;2010;2011;0.98733;6
1388;1;2008;2009;0.0068103;9
1387;0;0;0;0.69605;0
1386;0;0;0;0.30161;0
1385;1;2006;2007;0.86661;7
1384;1;2004;2005;0.0012922;9
1383;0;0;0;0.049648;0
1382;1;2002;2003;0.019821;10
1381;0;0;0;0.10417;0
1380;0;0;0;0.47195;0
1379;0;0;0;0.41928;0
1378;1;2000;2001;0.69058;9
1377;1;1998;1999;0.0058544;5
1376;1;1996;1997;0.5535;12
1375;1;1994;1995;0.61158;12
1374;0;0;0;0.043824;0
1373;0;0;0;0.14675;0
1372;0;0;0;0.48967;0
1371;1;1992;1993;0.024024;10
1370;0;0;0;0.51033;0
1369;1;1990;1991;0.88079;8
1368;0;0;0;0.082329;0
1367;1;1988;1989;0.50852;11
1366;1;1986;1987;0.051247;6
1365;1;1984;1985;0.98858;2
1364;0;0;0;0.20482;0
1363;0;0;0;0.8311;0
1362;1;1982;1983;0.99019;2
1361;1;1980;1981;0.00091473;9
1360;1;1978;1979;0.53375;3
1359;1;1976;1977;0.061221;10
1358;1;1974;1975;0.7023;7
1357;1;1972;1973;0.77664;8
1356;0;0;0;0.55322;0
1355;0;0;0;0.13381;0
1354;0;0;0;0.39623;0
1353;1;1970;1971;0.76904;12
1352;1;1968;1969;0.017809;9
1351;0;0;0;0.80864;0
1350;0;0;0;0.53876;0
1349;0;0;0;0.56425;0
1348;1;1966;1967;0.0077569;5
1347;1;1964;1965;0.36614;8
1346;0;0;0;0.099938;0
1345;1;1962;1963;0.54112;7
1344;1;1960;1961;0.15171;8
1343;1;1958;1959;0.026976;5
1342;0;0;0;0.68919;0
1341;1;1956;1957;0.066288;11
1340;0;0;0;0.18168;0
1339;0;0;0;0.30732;0
1338;0;0;0;0.73445;0
1337;0;0;0;0.18217;0
1336;1;1954;1955;0.38924;12
1335;1;1952;1953;0.53645;2
1334;1;1950;1951;0.35971;12
1333;1;1948;1949;0.35919;7
1332;1;1946;1947;0.69592;4
1331;0;0;0;0.10767;0
1330;1;1944;1945;0.033489;6
1329;1;1942;1943;0.87316;7
1328;1;1940;1941;0.016205;9
1327;0;0;0;0.23828;0
1326;1;1938;1939;0.16013;3
1325;1;1936;1937;0.14799;8
1324;1;1934;1935;0.55544;1
1323;1;1932;1933;0.47319;2
1322;0;0;0;0.28787;0
1321;1;1930;1931;0.020442;5
1320;1;1928;1929;0.30032;4
1319;0;0;0;0.33651;0
1318;0;0;0;0.79395;0
1317;1;1926;1927;0.3596;8
1316;1;1924;1925;0.31821;4
1315;0;0;0;0.37638;0
1314;0;0;0;0.57072;0
1313;0;0;0;0.06184;0
1312;0;0;0;0.36412;0
1311;0;0;0;0.52473;0
1310;0;0;0;0.75728;0
1309;1;1922;1923;0.77352;3
1308;1;1920;1921;0.10841;5
1307;1;1918;1919;0.55179;11
1306;0;0;0;0.41649;0
1305;0;0;0;0.26544;0
1304;0;0;0;0.09683;0
1303;0;0;0;0.15682;0
1302;1;1916;1917;0.036204;5
1301;1;1914;1915;0.0027588;9
1300;0;0;0;0.12537;0
1299;1;1912;1913;0.90302;7
1298;1;1910;1911;0.21944;1
1297;1;1908;1909;0.50742;7
1296;1;1906;1907;0.78039;12
1295;1;1904;1905;0.1711;11
1294;0;0;0;0.53329;0
1293;0;0;0;0.71826;0
1292;0;0;0;0.50362;0
1291;1;1902;1903;0.9377;3
1290;0;0;0;0.25933;0
1289;0;0;0;0.45699;0
1288;0;0;0;0.32302;0
1287;1;1900;1901;0.10873;5
1286;0;0;0;0.88593;0
1285;0;0;0;0.21976;0
1284;0;0;0;0.56108;0
1283;0;0;0;0.39296;0
1282;0;0;0;0.50106;0
1281;1;1898;1899;0.79847;8
1280;0;0;0;0.93688;0
1279;1;1896;1897;0.94927;10
1278;0;0;0;0.019804;0
1277;0;0;0;0.94902;0
1276;1;1894;1895;0.62231;4
1275;0;0;0;0.48153;0
1274;0;0;0;0.24187;0
1273;0;0;0;0.64537;0
1272;1;1892;1893;0.020203;9
1271;0;0;0;0.045731;0
1270;1;1890;1891;0.61852;1
1269;1;1888;1889;0.82002;7
1268;1;1886;1887;0.99509;10
1267;0;0;0;0.46801;0
1266;0;0;0;0.12077;0
1265;0;0;0;0.48269;0
1264;0;0;0;0.33774;0
1263;0;0;0;0.011296;0
1262;0;0;0;0.30682;0
1261;0;0;0;0.26221;0
1260;1;1884;1885;0.14838;10
1259;1;1882;1883;0.62323;4
1258;1;1880;1881;0.1859;5
1257;0;0;0;0.83499;0
1256;1;1878;1879;0.28364;5
1255;1;1876;1877;0.34848;12
1254;1;1874;1875;0.16736;12
1253;0;0;0;0.21329;0
1252;1;1872;1873;0.39515;12
1251;0;0;0;0.11475;0
1250;1;1870;1871;0.83776;8
1249;0;0;0;0.81606;0
1248;0;0;0;0.61574;0
1247;0;0;0;0.11905;0
1246;1;1868;1869;0.84933;7
1245;1;1866;1867;0.81322;6
1244;1;1864;1865;0.33982;2
1243;1;1862;1863;0.98816;6
1242;0;0;0;0.058314;0
1241;1;1860;1861;0.84895;12
1240;1;1858;1859;0.56975;3
1239;0;0;0;0.13558;0
1238;1;1856;1857;0.91024;8
1237;1;1854;1855;0.82932;6
1236;1;1852;1853;0.21863;12
1235;0;0;0;0.055237;0
1234;1;1850;1851;0.082626;3
1233;1;1848;1849;0.89588;8
1232;1;1846;1847;0.76605;12
1231;1;1844;1845;0.36749;2
1230;1;1842;1843;0.5744;2
1229;1;1840;1841;0.90305;4
1228;1;1838;1839;0.77208;4
1227;0;0;0;0.47643;0
1226;1;1836;1837;0.37662;10
1225;1;1834;1835;0.58056;10
1224;1;1832;1833;0.066951;5
1223;0;0;0;0.31144;0
1222;0;0;0;0.65678;0
1221;1;1830;1831;0.97176;10
1220;1;1828;1829;0.93872;8
1219;1;1826;1827;0.69654;1
1218;1;1824;1825;0.6926;4
1217;0;0;0;0.85348;0
1216;1;1822;1823;0.19336;3
1215;1;1820;1821;0.89833;6
1214;0;0;0;0.11503;0
1213;1;1818;1819;0.012853;5
1212;1;1816;1817;0.0028567;5
1211;1;1814;1815;0.83323;4
1210;0;0;0;0.70154;0
1209;1;1812;1813;0.89057;7
1208;0;0;0;0.54288;0
1207;0;0;0;0.67192;0
1206;0;0;0;0.2303;0
1205;0;0;0;0.045694;0
1204;0;0;0;0.79367;0
1203;1;1810;1811;0.92442;7
1202;1;1808;1809;0.91583;10
1201;1;1806;1807;0.99759;4
1200;1;1804;1805;0.8736;4
1199;1;1802;1803;0.33084;10
1198;0;0;0;0.79123;0
1197;0;0;0;0.9426;0
1196;1;1800;1801;0.9495;10
1195;1;1798;1799;0.01423;5
1194;1;1796;1797;0.0083639;5
1193;0;0;0;0.42492;0
1192;0;0;0;0.70559;0
1191;0;0;0;0.43504;0
1190;0;0;0;0.21186;0
1189;0;0;0;0.64149;0
1188;1;1794;1795;0.95672;8
1187;1;1792;1793;0.42061;11
1186;1;1790;1791;0.83246;1
1185;1;1788;1789;0.46837;3
1184;0;0;0;0.45967;0
1183;0;0;0;0.73552;0
1182;0;0;0;0.4558;0
1181;1;1786;1787;0.95779;5
1180;1;1784;1785;0.52173;11
1179;1;1782;1783;0.35429;4
1178;1;1780;1781;0.00033426;7
1177;1;1778;1779;0.20003;8
1176;1;1776;1777;0.0020468;3
1175;1;1774;1775;0.85004;4
1174;0;0;0;0.11332;0
1173;1;1772;1773;0.25549;8
1172;1;1770;1771;0.60964;2
1171;1;1768;1769;0.54011;7
1170;1;1766;1767;0.93782;4
1169;1;1764;1765;0.096481;5
1168;1;1762;1763;0.00030215;12
1167;0;0;0;0.16701;0
1166;0;0;0;0.37244;0
1165;1;1760;1761;0.12687;8
1164;1;1758;1759;0.0074199;5
1163;1;1756;1757;0.01633;8
1162;1;1754;1755;0.15129;9
1161;1;1752;1753;0.0021363;9
1160;1;1750;1751;0.71439;4
1159;1;1748;1749;0.049677;3
1158;1;1746;1747;0.98347;6
1157;1;1744;1745;0.073782;8
1156;1;1742;1743;0.58333;2
1155;1;1740;1741;0.21523;3
1154;1;1738;1739;0.00078337;5
1153;0;0;0;0.10889;0
1152;1;1736;1737;0.67135;1
1151;1;1734;1735;0.48879;8
1150;1;1732;1733;0.74614;11
1149;1;1730;1731;0.25471;8
1148;1;1728;1729;0.46378;3
1147;1;1726;1727;0.56027;1
1146;0;0;0;0.079872;0
1145;1;1724;1725;0.79228;6
1144;1;1722;1723;0.5838;1
1143;1;1720;1721;0.23177;3
1142;0;0;0;0.46904;0
1141;1;1718;1719;0.12639;8
1140;0;0;0;0.1564;0
1139;1;1716;1717;0.21562;5
1138;1;1714;1715;0.59477;1
1137;1;1712;1713;0.21831;1
1136;1;1710;1711;0.3264;1
1135;1;1708;1709;0.83689;7
1134;0;0;0;0.35998;0
1133;1;1706;1707;0.27248;8
1132;1;1704;1705;0.3627;11
1131;1;1702;1703;0.08748;9
1130;1;1700;1701;0.15413;5
1129;1;1698;1699;0.34896;8
1128;1;1696;1697;0.31935;12
1127;1;1694;1695;0.86577;11
1126;1;1692;1693;0.36598;3
1125;1;1690;1691;0.65335;6
1124;1;1688;1689;0.34232;12
1123;1;1686;1687;0.5812;8
1122;1;1684;1685;0.74875;12
1121;0;0;0;0.15787;0
1120;1;1682;1683;0.50767;6
1119;1;1680;1681;0.080404;5
1118;1;1678;1679;0.44421;3
1117;1;1676;1677;0.97515;1
1116;1;1674;1675;0.43728;3
1115;1;1672;1673;0.022339;5
1114;1;1670;1671;0.095603;5
1113;1;1668;1669;0.19073;8
1112;0;0;0;0.75828;0
1111;1;1666;1667;0.37001;10
1110;1;1664;1665;0.67886;1
1109;1;1662;1663;0.8825;12
1108;0;0;0;0.45212;0
1107;1;1660;1661;0.45561;8
1106;0;0;0;0.1459;0
1105;1;1658;1659;0.49201;11
1104;1;1656;1657;0.14427;9
1103;0;0;0;0.84174;0
1102;0;0;0;0.491;0
1101;0;0;0;0.22032;0
1100;0;0;0;0.098358;0
1099;1;1654;1655;0.99566;3
1098;1;1652;1653;0.52159;11
1097;0;0;0;0.75271;0
1096;1;1650;1651;0.36007;4
1095;1;1648;1649;0.17147;1
1094;1;1646;1647;0.0023365;5
1093;1;1644;1645;0.43564;9
1092;1;1642;1643;0.44471;11
1091;1;1640;1641;0.30928;3
1090;1;1638;1639;0.18633;6
1089;1;1636;1637;0.26835;8
1088;1;1634;1635;0.084887;10
1087;1;1632;1633;0.070257;2
1086;1;1630;1631;0.63243;4
1085;1;1628;1629;0.596;8
1084;1;1626;1627;0.51214;8
1083;1;1624;1625;0.57899;1
1082;0;0;0;0.89906;0
1081;1;1622;1623;0.98053;4
1080;1;1620;1621;0.8961;4
1079;0;0;0;0.75409;0
1078;1;1618;1619;0.36117;8
1077;0;0;0;0.64624;0
1076;1;1616;1617;0.010527;5
1075;1;1614;1615;0.98305;1
1074;0;0;0;0.054215;0
1073;0;0;0;0.8635;0
1072;1;1612;1613;0.25793;3
1071;1;1610;1611;0.6138;2
1070;1;1608;1609;0.6591;7
1069;1;1606;1607;0.028301;9
1068;1;1604;1605;0.51403;8
1067;1;1602;1603;0.38737;10
1066;1;1600;1601;0.10214;9
1065;1;1598;1599;0.022112;5
1064;1;1596;1597;0.056442;2
1063;1;1594;1595;0.13303;4
1062;0;0;0;0.049919;0
1061;1;1592;1593;0.71736;4
1060;1;1590;1591;0.6966;7
1059;1;1588;1589;0.80579;7
1058;0;0;0;0.15361;0
1057;1;1586;1587;0.96722;7
1056;1;1584;1585;0.14571;5
1055;1;1582;1583;0.98287;7
1054;1;1580;1581;0.0047566;9
1053;0;0;0;0.57088;0
1052;0;0;0;0.051086;0
1051;0;0;0;0.44794;0
1050;0;0;0;0.8202;0
1049;0;0;0;0.10705;0
1048;0;0;0;0.35491;0
1047;1;1578;1579;0.72862;7
1046;1;1576;1577;0.046752;5
1045;0;0;0;0.7012;0
1044;0;0;0;0.10315;0
1043;0;0;0;0.40424;0
1042;0;0;0;0.59749;0
1041;1;1574;1575;0.67955;12
1040;1;1572;1573;0.80239;5
1039;1;1570;1571;0.77619;5
1038;1;1568;1569;0.00028481;9
1037;1;1566;1567;0.67308;2
1036;1;1564;1565;0.27385;6
1035;1;1562;1563;0.99521;10
1034;0;0;0;0.19015;0
1033;1;1560;1561;0.57433;2
1032;1;1558;1559;0.9438;7
1031;1;1556;1557;0.40419;8
1030;1;1554;1555;0.3275;3
1029;1;1552;1553;0.78118;12
1028;1;1550;1551;0.38061;6
1027;1;1548;1549;0.064901;9
1026;0;0;0;0.71983;0
1025;1;1546;1547;0.7204;12
1024;1;1544;1545;0.024342;11
1023;1;1542;1543;0.99074;8
1022;1;1540;1541;0.090806;11
1021;1;1538;1539;0.76316;6
1020;0;0;0;0.01281;0
1019;0;0;0;0.30484;0
1018;1;1536;1537;0.34417;12
1017;0;0;0;0.41202;0
1016;0;0;0;0.60332;0
1015;0;0;0;0.69809;0
1014;0;0;0;0.31168;0
1013;1;1534;1535;0.13214;11
1012;0;0;0;0.088499;0
1011;1;1532;1533;0.44436;8
1010;1;1530;1531;0.35011;6
1009;0;0;0;0.12483;0
1008;1;1528;1529;0.96872;6
1007;0;0;0;0.91233;0
1006;0;0;0;0.41071;0
1005;1;1526;1527;0.80284;7
1004;1;1524;1525;0.40263;12
1003;1;1522;1523;0.029394;11
1002;1;1520;1521;0.98162;7
1001;0;0;0;0.10163;0
1000;1;1518;1519;0.099172;1
999;1;1516;1517;0.2484;10
998;1;1514;1515;0.82014;8
997;0;0;0;0.093375;0
996;1;1512;1513;0.93425;8
995;0;0;0;0.88958;0
994;1;1510;1511;0.73729;6
993;1;1508;1509;0.18232;8
992;0;0;0;0.068871;0
991;1;1506;1507;0.00090556;5
990;1;1504;1505;0.80548;12
989;1;1502;1503;0.44239;10
988;1;1500;1501;0.53017;7
987;1;1498;1499;0.74142;12
986;1;1496;1497;0.50247;2
985;1;1494;1495;0.0050402;9
984;0;0;0;0.063158;0
983;1;1492;1493;0.78992;4
982;0;0;0;0.54261;0
981;0;0;0;0.80628;0
980;1;1490;1491;0.16105;10
979;1;1488;1489;0.35086;12
978;0;0;0;0.0075861;0
977;1;1486;1487;0.81135;3
976;0;0;0;0.35127;0
975;0;0;0;0.30787;0
974;0;0;0;0.92073;0
973;0;0;0;0.50052;0
972;1;1484;1485;0.61094;1
971;1;1482;1483;0.9818;7
970;1;1480;1481;0.67863;4
969;0;0;0;0.16667;0
968;0;0;0;0.57704;0
967;1;1478;1479;0.060874;5
966;0;0;0;0.03999;0
965;0;0;0;0.29729;0
964;0;0;0;0;0
963;1;1476;1477;0.0045082;5
962;0;0;0;0.1041;0
961;0;0;0;0.017619;0
960;1;1474;1475;0.59602;4
959;0;0;0;0.57444;0
958;0;0;0;0.39049;0
957;1;1472;1473;0.39132;4
956;0;0;0;0.75398;0
955;1;1470;1471;0.90561;7
954;1;1468;1469;0.9137;6
953;1;1466;1467;0.26371;8
952;1;1464;1465;0.55115;1
951;1;1462;1463;0.6084;8
950;1;1460;1461;0.94328;12
949;0;0;0;0.46033;0
948;0;0;0;0.16602;0
947;1;1458;1459;0.99428;4
946;1;1456;1457;0.031643;10
945;1;1454;1455;0.16692;9
944;1;1452;1453;0.61091;12
943;1;1450;1451;0.54788;7
942;1;1448;1449;0.38891;9
941;1;1446;1447;0.087403;6
940;1;1444;1445;0.1739;2
939;1;1442;1443;0.70432;2
938;1;1440;1441;0.36601;12
937;1;1438;1439;0.16969;8
936;1;1436;1437;0.11462;11
935;1;1434;1435;0.3027;4
934;1;1432;1433;0.62432;1
933;1;1430;1431;0.023802;9
932;1;1428;1429;0.44511;2
931;1;1426;1427;0.63833;12
930;0;0;0;0.82623;0
929;0;0;0;0.31408;0
928;1;1424;1425;0.59031;2
927;1;1422;1423;0.62201;3
926;0;0;0;0.71553;0
925;1;1420;1421;0.72874;12
924;1;1418;1419;0.039867;5
923;0;0;0;0.24608;0
922;0;0;0;0.63984;0
921;0;0;0;0.072982;0
920;1;1416;1417;0.020654;5
919;1;1414;1415;0.68274;12
918;0;0;0;0.13136;0
917;0;0;0;0.25556;0
916;0;0;0;0.55996;0
915;0;0;0;0.43892;0
914;1;1412;1413;0.64251;1
913;0;0;0;0.50337;0
912;1;1410;1411;0.99998;6
911;0;0;0;0.68129;0
910;0;0;0;0.26098;0
909;1;1408;1409;0.2331;6
908;1;1406;1407;0.6454;12
907;1;1404;1405;0.10792;6
906;0;0;0;0.10608;0
905;0;0;0;0.071793;0
904;1;1402;1403;0.04358;9
903;1;1400;1401;0.010369;9
902;0;0;0;0.18335;0
901;1;1398;1399;0.94149;3
900;0;0;0;0.033025;0
899;1;1396;1397;0.57229;1
898;1;1394;1395;0.41525;2
897;0;0;0;0.55553;0
896;1;1392;1393;0.31752;12
895;1;1390;1391;0.96387;4
894;1;1388;1389;0.46687;8
893;0;0;0;0.44651;0
892;0;0;0;0;0
891;0;0;0;0.089535;0
890;1;1386;1387;0.17707;1
889;0;0;0;0.16206;0
888;1;1384;1385;0.24642;4
887;1;1382;1383;0.044127;6
886;1;1380;1381;0.61046;12
885;1;1378;1379;0.5228;12
884;1;1376;1377;0.011742;9
883;1;1374;1375;0.075484;12
882;0;0;0;0.1056;0
881;0;0;0;0.22874;0
880;0;0;0;0.41803;0
879;1;1372;1373;0.43224;8
878;1;1370;1371;0.037819;9
877;1;1368;1369;0.13028;5
876;1;1366;1367;0.68324;2
875;1;1364;1365;0.65582;2
874;1;1362;1363;0.6685;9
873;1;1360;1361;0.62531;2
872;0;0;0;0.24861;0
871;1;1358;1359;0.34979;8
870;1;1356;1357;0.028593;10
869;1;1354;1355;0.20454;4
868;1;1352;1353;0.41211;3
867;1;1350;1351;0.10766;11
866;1;1348;1349;0.65817;12
865;0;0;0;0.15139;0
864;1;1346;1347;0.15527;8
863;1;1344;1345;0.43706;4
862;0;0;0;0.28526;0
861;1;1342;1343;0.44359;3
860;1;1340;1341;0.72622;1
859;0;0;0;0.16384;0
858;1;1338;1339;0.7359;4
857;0;0;0;0.58358;0
856;0;0;0;0.31262;0
855;1;1336;1337;0.56082;2
854;1;1334;1335;0.99854;4
853;1;1332;1333;0.55609;6
852;0;0;0;0.4664;0
851;1;1330;1331;0.083595;3
850;1;1328;1329;0.0039613;11
849;1;1326;1327;0.78458;4
848;0;0;0;0.10644;0
847;0;0;0;0.20339;0
846;0;0;0;0.62374;0
845;0;0;0;0.60011;0
844;1;1324;1325;0.057263;10
843;1;1322;1323;0.087039;3
842;1;1320;1321;0.71911;12
841;1;1318;1319;0.0064688;5
840;0;0;0;0.23314;0
839;1;1316;1317;0.45279;6
838;0;0;0;0.17096;0
837;1;1314;1315;0.93265;7
836;0;0;0;0.29652;0
835;0;0;0;0.034448;0
834;1;1312;1313;0.070706;11
833;1;1310;1311;0.26711;11
832;1;1308;1309;0.70759;8
831;0;0;0;0.58074;0
830;0;0;0;0.2713;0
829;1;1306;1307;0.0036212;9
828;1;1304;1305;0.56056;12
827;1;1302;1303;0.61589;1
826;1;1300;1301;0.32294;1
825;1;1298;1299;0.55391;4
824;0;0;0;0.094281;0
823;1;1296;1297;0.031766;10
822;1;1294;1295;0.12192;11
821;1;1292;1293;0.97244;6
820;1;1290;1291;0.2435;8
819;1;1288;1289;0.51379;10
818;0;0;0;0.11858;0
817;1;1286;1287;0.76378;6
816;1;1284;1285;0.42723;7
815;1;1282;1283;0.092269;9
814;0;0;0;0.75708;0
813;1;1280;1281;0.99365;6
812;1;1278;1279;0.87002;4
811;1;1276;1277;0.48821;10
810;1;1274;1275;0.87911;11
809;0;0;0;0.41965;0
808;0;0;0;0.10786;0
807;1;1272;1273;0.7805;8
806;0;0;0;0.9498;0
805;1;1270;1271;0.71587;7
804;1;1268;1269;0.075065;5
803;1;1266;1267;0.97709;6
802;1;1264;1265;0.2263;5
801;1;1262;1263;0.77086;4
800;1;1260;1261;0.59483;7
799;1;1258;1259;0.55856;11
798;0;0;0;0.70654;0
797;0;0;0;0.9121;0
796;1;1256;1257;0.50145;5
795;1;1254;1255;0.4789;1
794;1;1252;1253;0.054102;9
793;1;1250;1251;0.99461;6
792;1;1248;1249;0.086253;9
791;1;1246;1247;0.1486;5
790;0;0;0;0.079905;0
789;0;0;0;0.17259;0
788;1;1244;1245;0.058082;5
787;1;1242;1243;0.43872;12
786;1;1240;1241;0.089477;10
785;1;1238;1239;0.36815;7
784;1;1236;1237;0.94912;8
783;1;1234;1235;0.99667;6
782;1;1232;1233;0.37754;3
781;1;1230;1231;0.77446;9
780;1;1228;1229;0.7689;5
779;1;1226;1227;0.029857;9
778;1;1224;1225;0.034656;3
777;1;1222;1223;0.46563;2
776;1;1220;1221;0.72771;1
775;1;1218;1219;0.1324;3
774;1;1216;1217;0.20046;6
773;1;1214;1215;0.09887;10
772;1;1212;1213;0.010157;5
771;1;1210;1211;0.44487;4
770;0;0;0;0.78618;0
769;1;1208;1209;0.34118;4
768;1;1206;1207;0.0013685;5
767;1;1204;1205;0.97203;8
766;0;0;0;0.89023;0
765;1;1202;1203;0.25695;3
764;1;1200;1201;0.44402;2
763;1;1198;1199;0.0068292;5
762;1;1196;1197;0.49393;12
761;1;1194;1195;0.37627;11
760;0;0;0;0.79179;0
759;1;1192;1193;0.7528;7
758;1;1190;1191;0.99182;4
757;1;1188;1189;0.5;12
756;0;0;0;0.24578;0
755;1;1186;1187;0.72121;8
754;1;1184;1185;0.90078;1
753;0;0;0;0.80835;0
752;0;0;0;0.15025;0
751;0;0;0;0.59947;0
750;0;0;0;0.21702;0
749;0;0;0;0.17638;0
748;0;0;0;0.43991;0
747;0;0;0;0.84163;0
746;1;1182;1183;0.67437;10
745;1;1180;1181;0.99939;1
744;1;1178;1179;0.56427;3
743;1;1176;1177;0.72195;12
742;1;1174;1175;0.38447;8
741;1;1172;1173;0.13045;7
740;1;1170;1171;0.064911;12
739;1;1168;1169;0.91709;1
738;1;1166;1167;0.020985;5
737;0;0;0;0.67127;0
736;0;0;0;0.52276;0
735;1;1164;1165;0.039295;3
734;1;1162;1163;0.16159;3
733;1;1160;1161;0.15904;2
732;1;1158;1159;0.0017442;5
731;1;1156;1157;0.7963;3
730;1;1154;1155;0.47806;6
729;1;1152;1153;0.12268;10
728;1;1150;1151;0.67592;12
727;1;1148;1149;0.56876;1
726;1;1146;1147;0.31024;12
725;0;0;0;0.071798;0
724;1;1144;1145;0.25603;2
723;1;1142;1143;0.34393;11
722;0;0;0;0.51994;0
721;0;0;0;0.36651;0
720;1;1140;1141;0.7417;3
719;1;1138;1139;0.591;4
718;1;1136;1137;0.073287;6
717;1;1134;1135;0.11151;8
716;1;1132;1133;0.36757;11
715;1;1130;1131;0.50323;12
714;1;1128;1129;0.0017006;9
713;1;1126;1127;0.14196;8
712;1;1124;1125;0.55169;4
711;1;1122;1123;0.36112;5
710;1;1120;1121;0.65158;1
709;0;0;0;0.15479;0
708;1;1118;1119;0.92877;6
707;1;1116;1117;0.2512;8
706;1;1114;1115;0.036088;8
705;1;1112;1113;0.47726;1
704;0;0;0;0.049887;0
703;1;1110;1111;0.639;4
702;1;1108;1109;0.041255;2
701;0;0;0;0.53226;0
700;0;0;0;0.75404;0
699;0;0;0;0.69159;0
698;1;1106;1107;0.43526;11
697;1;1104;1105;0.11007;12
696;0;0;0;0.086566;0
695;1;1102;1103;0.028768;3
694;1;1100;1101;0.95182;11
693;1;1098;1099;0.00095166;5
692;1;1096;1097;0.15764;10
691;1;1094;1095;0.71087;7
690;1;1092;1093;0.41099;7
689;1;1090;1091;0.72276;7
688;1;1088;1089;0.15661;6
687;1;1086;1087;0.93486;4
686;0;0;0;0.17862;0
685;1;1084;1085;0.90588;2
684;1;1082;1083;0.00035899;5
683;1;1080;1081;0.26522;2
682;1;1078;1079;0.96032;3
681;1;1076;1077;0.35479;3
680;1;1074;1075;0.95646;9
679;1;1072;1073;0.37361;8
678;1;1070;1071;0.36808;3
677;1;1068;1069;0.13655;2
676;1;1066;1067;0.69665;12
675;1;1064;1065;0.74854;7
674;1;1062;1063;0.026224;2
673;1;1060;1061;0.17043;2
672;1;1058;1059;0.010459;11
671;1;1056;1057;0.14393;2
670;1;1054;1055;0.4284;4
669;0;0;0;0.11386;0
668;1;1052;1053;0.75435;8
667;1;1050;1051;0.75596;12
666;1;1048;1049;0.13869;2
665;1;1046;1047;0.44344;12
664;1;1044;1045;0.57494;3
663;0;0;0;0.019584;0
662;1;1042;1043;0.77404;6
661;0;0;0;0.45506;0
660;0;0;0;0.065497;0
659;1;1040;1041;0.99465;6
658;0;0;0;0.06274;0
657;1;1038;1039;0.18121;5
656;0;0;0;0.14489;0
655;1;1036;1037;0.68914;3
654;1;1034;1035;0.0034462;5
653;1;1032;1033;0.23941;12
652;1;1030;1031;0.10052;2
651;0;0;0;0.02068;0
650;1;1028;1029;0.73048;6
649;1;1026;1027;0.16217;4
648;1;1024;1025;0.28933;10
647;0;0;0;0.044154;0
646;1;1022;1023;0.99994;6
645;1;1020;1021;0.067923;11
644;1;1018;1019;0.87892;12
643;0;0;0;0.61771;0
642;0;0;0;0.35048;0
641;1;1016;1017;0.93302;8
640;0;0;0;0.69886;0
639;0;0;0;0.13463;0
638;1;1014;1015;0.34757;3
637;0;0;0;0.80906;0
636;1;1012;1013;0.49015;3
635;1;1010;1011;0.91496;12
634;0;0;0;0.23615;0
633;1;1008;1009;0.99644;7
632;0;0;0;0.11332;0
631;1;1006;1007;0.46769;10
630;0;0;0;0.11407;0
629;1;1004;1005;0.62421;3
628;1;1002;1003;1.8115e-08;5
627;1;1000;1001;0.7521;6
626;1;998;999;4.0049e-05;5
625;1;996;997;0.96043;7
624;1;994;995;0.0023517;5
623;0;0;0;0.744;0
622;0;0;0;0.56491;0
621;1;992;993;0.52187;12
620;1;990;991;0.22449;9
619;1;988;989;0.85015;12
618;1;986;987;0.24082;12
617;0;0;0;0.16646;0
616;1;984;985;0.057093;2
615;1;982;983;0.23049;4
614;1;980;981;0.022881;9
613;1;978;979;0.10948;11
612;0;0;0;0.065101;0
611;0;0;0;0.0054912;0
610;1;976;977;0.16104;11
609;0;0;0;0.39656;0
608;0;0;0;0.047563;0
607;1;974;975;0.5345;2
606;1;972;973;0.93564;4
605;1;970;971;0.36998;9
604;1;968;969;0.70191;7
603;1;966;967;0.00086561;2
602;1;964;965;0.6186;1
601;1;962;963;0.0029602;9
600;1;960;961;0.30075;3
599;0;0;0;0.37388;0
598;1;958;959;0.86989;4
597;0;0;0;0.067212;0
596;1;956;957;0.0063561;5
595;0;0;0;0.13934;0
594;1;954;955;0.056342;5
593;1;952;953;0.85558;4
592;1;950;951;0.75062;2
591;0;0;0;0.77101;0
590;1;948;949;0.69438;4
589;1;946;947;0.44427;8
588;1;944;945;0.45979;4
587;1;942;943;0.0038728;5
586;1;940;941;0.66691;4
585;1;938;939;0.48478;4
584;1;936;937;0.63686;1
583;1;934;935;0.013376;10
582;1;932;933;0.37654;11
581;1;930;931;0.20115;8
580;1;928;929;0.19637;7
579;0;0;0;0.14363;0
578;1;926;927;0.056893;5
577;1;924;925;0.033407;10
576;1;922;923;0.91203;7
575;1;920;921;0.27665;11
574;0;0;0;0.78783;0
573;1;918;919;0.8005;3
572;1;916;917;0.026107;5
571;1;914;915;0.04408;4
570;1;912;913;0.11363;4
569;1;910;911;0.26223;9
568;1;908;909;0.012943;9
567;1;906;907;0.0024108;4
566;1;904;905;0.41272;2
565;1;902;903;0.996;6
564;1;900;901;0.9309;6
563;0;0;0;0.12288;0
562;1;898;899;0.90097;7
561;1;896;897;0.68988;8
560;0;0;0;0.62738;0
559;1;894;895;0.045741;10
558;0;0;0;0.18914;0
557;1;892;893;0.00087027;9
556;1;890;891;0.46465;8
555;0;0;0;0.16518;0
554;1;888;889;0.30817;4
553;1;886;887;0.004128;9
552;1;884;885;0.85618;4
551;1;882;883;0.17296;8
550;0;0;0;0.078382;0
549;0;0;0;0.73505;0
548;0;0;0;0.2071;0
547;0;0;0;0.13323;0
546;1;880;881;0.59838;1
545;1;878;879;0.021473;12
544;1;876;877;0.59008;8
543;1;874;875;0.11201;12
542;1;872;873;0.49643;4
541;0;0;0;0.14218;0
540;1;870;871;0.99715;1
539;1;868;869;0.40598;8
538;1;866;867;0.81316;12
537;0;0;0;0.51619;0
536;0;0;0;0.17821;0
535;1;864;865;0.33121;2
534;0;0;0;0.14486;0
533;1;862;863;0.22319;3
532;0;0;0;0.37734;0
531;1;860;861;0.72185;9
530;0;0;0;0.15956;0
529;1;858;859;0.0048285;5
528;1;856;857;0.49959;3
527;1;854;855;0.1939;3
526;1;852;853;0.63614;4
525;1;850;851;0.91383;2
524;1;848;849;0.083621;8
523;0;0;0;0.36567;0
522;1;846;847;0.010137;5
521;1;844;845;0.63638;2
520;1;842;843;0.44443;6
519;1;840;841;0.37843;12
518;1;838;839;0.19858;2
517;1;836;837;0.25967;1
516;1;834;835;0.33208;1
515;1;832;833;0.11988;9
514;0;0;0;0.34311;0
513;0;0;0;0.53296;0
512;0;0;0;0.1648;0
511;0;0;0;0.23535;0
510;1;830;831;0.082106;5
509;0;0;0;0.44626;0
508;1;828;829;0.24791;11
507;0;0;0;0.27685;0
506;0;0;0;0.73957;0
505;1;826;827;0.02625;5
504;0;0;0;0.095299;0
503;0;0;0;0.1504;0
502;1;824;825;0.18838;8
501;1;822;823;0.19138;4
500;0;0;0;0.1868;0
499;0;0;0;0.17472;0
498;1;820;821;0.0084501;9
497;1;818;819;0.61197;2
496;1;816;817;0.73408;4
495;1;814;815;0.41486;7
494;0;0;0;0.9251;0
493;1;812;813;0.96807;6
492;1;810;811;0.012218;6
491;1;808;809;0.035265;9
490;1;806;807;0.23289;4
489;1;804;805;0.93985;3
488;1;802;803;0.60581;4
487;1;800;801;0.76036;3
486;0;0;0;0.028744;0
485;1;798;799;0.41731;12
484;1;796;797;0.65922;12
483;1;794;795;0.90221;8
482;1;792;793;0.56023;4
481;1;790;791;0.80586;6
480;1;788;789;0.97027;12
479;0;0;0;0.099862;0
478;1;786;787;0.78215;7
477;1;784;785;0.56565;9
476;1;782;783;0.78255;7
475;1;780;781;0.14311;7
474;1;778;779;0.007251;6
473;1;776;777;0.63284;6
472;1;774;775;0.79265;8
471;0;0;0;0.48312;0
470;0;0;0;0.75405;0
469;0;0;0;0.96816;0
468;1;772;773;0.73666;7
467;1;770;771;0.82822;7
466;1;768;769;0.82577;7
465;1;766;767;0.4341;4
464;1;764;765;0.8322;8
463;1;762;763;0.00031485;5
462;1;760;761;0.11294;6
461;1;758;759;0.0012215;5
460;1;756;757;0.006553;5
459;1;754;755;0.0020861;5
458;1;752;753;0.5;12
457;1;750;751;0.89678;1
456;1;748;749;0.11287;2
455;1;746;747;0.10434;8
454;0;0;0;0.31285;0
453;1;744;745;0.51407;8
452;1;742;743;0.20051;2
451;1;740;741;0.7626;12
450;1;738;739;0.28409;2
449;1;736;737;0.55075;6
448;1;734;735;0.0088141;7
447;1;732;733;0.34849;3
446;1;730;731;0.21015;2
445;0;0;0;0.073038;0
444;0;0;0;0.81054;0
443;1;728;729;0.14437;5
442;0;0;0;0.088398;0
441;1;726;727;0.13304;2
440;1;724;725;0.93065;6
439;1;722;723;0.64223;4
438;1;720;721;0.94712;1
437;1;718;719;0.20801;12
436;1;716;717;0.21642;2
435;1;714;715;0.62545;4
434;1;712;713;0.10439;7
433;1;710;711;0.32155;8
432;1;708;709;0.94909;6
431;1;706;707;0.97389;1
430;1;704;705;0.068901;9
429;1;702;703;0.64827;8
428;0;0;0;0.13769;0
427;1;700;701;0.63444;3
426;0;0;0;0.042154;0
425;1;698;699;0.20017;12
424;0;0;0;0.78073;0
423;1;696;697;0.65565;4
422;1;694;695;0.9808;9
421;1;692;693;0.6218;8
420;1;690;691;0.86391;11
419;1;688;689;0.96829;11
418;1;686;687;0.092653;12
417;1;684;685;0.45677;8
416;1;682;683;0.0028109;5
415;1;680;681;0.06438;6
414;1;678;679;0.95715;1
413;1;676;677;0.090189;7
412;1;674;675;0.009053;9
411;1;672;673;0.66877;3
410;1;670;671;0.81538;1
409;1;668;669;0.082427;2
408;1;666;667;0.0028205;4
407;0;0;0;0.87953;0
406;1;664;665;0.65391;6
405;1;662;663;0.97355;6
404;0;0;0;0.09694;0
403;1;660;661;0.036426;5
402;0;0;0;0.043203;0
401;1;658;659;0.67377;12
400;1;656;657;0.14279;4
399;1;654;655;0.13568;11
398;1;652;653;0.4731;10
397;1;650;651;0.98716;8
396;1;648;649;0.79031;8
395;1;646;647;0.98954;7
394;1;644;645;0.0056333;4
393;0;0;0;0.69671;0
392;1;642;643;0.0096149;2
391;1;640;641;0.0046926;4
390;0;0;0;0.17005;0
389;0;0;0;0.078567;0
388;1;638;639;0.43906;3
387;1;636;637;0.73223;10
386;1;634;635;0.47776;10
385;0;0;0;0.069768;0
384;1;632;633;0.49955;4
383;1;630;631;0.6252;8
382;0;0;0;0.042159;0
381;1;628;629;0.0011275;5
380;1;626;627;0.98587;7
379;0;0;0;0.092308;0
378;1;624;625;0.0030432;5
377;0;0;0;0.068967;0
376;1;622;623;0.51417;2
375;1;620;621;0.48375;6
374;1;618;619;0.56376;4
373;1;616;617;0.71624;12
372;1;614;615;0.030583;2
371;1;612;613;0.04745;9
370;1;610;611;0.62235;2
369;1;608;609;0.97063;7
368;1;606;607;0.40928;12
367;1;604;605;0.062678;5
366;0;0;0;0.14106;0
365;1;602;603;0.37521;12
364;1;600;601;0.0022228;2
363;1;598;599;0.0030371;2
362;0;0;0;0.15915;0
361;1;596;597;0.81493;1
360;0;0;0;0.096621;0
359;1;594;595;0.60689;1
358;1;592;593;0.018046;10
357;1;590;591;0.35713;2
356;1;588;589;0.89936;12
355;1;586;587;0.90837;2
354;1;584;585;0.13378;12
353;1;582;583;0.022672;5
352;1;580;581;0.078002;8
351;1;578;579;0.017774;10
350;1;576;577;0.15057;6
349;1;574;575;0.34163;7
348;1;572;573;0.0084616;4
347;1;570;571;0.23908;2
346;1;568;569;0.91895;4
345;1;566;567;0.41596;8
344;1;564;565;0.0034295;10
343;1;562;563;0.92424;8
342;1;560;561;0.00115;9
341;1;558;559;0.011878;5
340;1;556;557;0.26862;6
339;0;0;0;0.11874;0
338;1;554;555;0.010468;9
337;1;552;553;0.098162;5
336;1;550;551;0.018433;11
335;1;548;549;0.49234;8
334;1;546;547;0.90228;2
333;1;544;545;0.16742;6
332;0;0;0;0.21146;0
331;1;542;543;0.97784;1
330;0;0;0;0.13973;0
329;1;540;541;0.94954;8
328;1;538;539;0.012043;5
327;0;0;0;0.14948;0
326;1;536;537;0.50027;12
325;1;534;535;0.047593;5
324;1;532;533;0.00052475;9
323;1;530;531;0.38414;8
322;1;528;529;0.71479;7
321;1;526;527;0.027454;5
320;1;524;525;0.30703;2
319;1;522;523;0.24271;11
318;1;520;521;0.026972;10
317;0;0;0;0.1705;0
316;1;518;519;0.017886;10
315;1;516;517;0.5025;3
314;1;514;515;0.59065;8
313;0;0;0;0.30651;0
312;1;512;513;0.99521;6
311;0;0;0;0.66548;0
310;1;510;511;0.86626;6
309;0;0;0;0.44849;0
308;0;0;0;0.77047;0
307;1;508;509;0.77143;8
306;1;506;507;0.0027986;9
305;1;504;505;0.45323;3
304;1;502;503;0.009071;5
303;0;0;0;0.15762;0
302;0;0;0;0.31354;0
301;0;0;0;0.80333;0
300;0;0;0;0.14381;0
299;1;500;501;0.18421;8
298;1;498;499;0.85324;8
297;0;0;0;0.59021;0
296;0;0;0;0.16967;0
295;1;496;497;0.77793;7
294;1;494;495;0.15804;4
293;0;0;0;0.10209;0
292;1;492;493;0.059134;5
291;1;490;491;0.87731;7
290;1;488;489;0.2818;1
289;1;486;487;0.3851;2
288;1;484;485;0.35737;4
287;1;482;483;0.20564;7
286;1;480;481;0.34717;3
285;1;478;479;0.97302;8
284;1;476;477;0.95483;1
283;0;0;0;0.10452;0
282;1;474;475;0.15449;3
281;0;0;0;0.070181;0
280;1;472;473;0.19903;9
279;1;470;471;0.0077818;5
278;0;0;0;0.95254;0
277;0;0;0;0.31525;0
276;0;0;0;0.74072;0
275;1;468;469;0.29214;10
274;0;0;0;0.1334;0
273;1;466;467;0.49308;10
272;0;0;0;0.87842;0
271;1;464;465;0.9995;6
270;1;462;463;0.52362;3
269;1;460;461;0.21636;3
268;1;458;459;0.51753;1
267;1;456;457;0.98826;2
266;1;454;455;0.515;6
265;1;452;453;0.1132;3
264;1;450;451;0.10585;3
263;1;448;449;0.19979;8
262;1;446;447;0.00069713;12
261;1;444;445;0.83498;12
260;0;0;0;0.035458;0
259;1;442;443;0.15762;12
258;1;440;441;0.010175;9
257;1;438;439;0.070702;9
256;1;436;437;0.59199;3
255;1;434;435;0.64166;1
254;1;432;433;0.54613;3
253;1;430;431;0.56659;4
252;0;0;0;0.68273;0
251;1;428;429;0.2254;8
250;1;426;427;0.18479;8
249;1;424;425;0.46461;4
248;1;422;423;0.094615;3
247;1;420;421;0.30022;8
246;1;418;419;0.22108;2
245;1;416;417;0.4108;11
244;1;414;415;0.50788;8
243;1;412;413;0.51771;1
242;1;410;411;0.38654;8
241;1;408;409;0.012461;5
240;1;406;407;0.80871;8
239;1;404;405;0.043902;5
238;1;402;403;0.5613;2
237;1;400;401;0.74347;6
236;0;0;0;0.037624;0
235;1;398;399;0.90927;8
234;1;396;397;0.10042;2
233;1;394;395;0.88552;7
232;1;392;393;0.0079686;11
231;0;0;0;0.6159;0
230;1;390;391;0.83115;8
229;1;388;389;0.023078;5
228;1;386;387;0.63727;2
227;1;384;385;0.88672;8
226;1;382;383;0.36516;4
225;1;380;381;0.55085;10
224;1;378;379;0.99482;7
223;0;0;0;0.49231;0
222;1;376;377;0.19764;6
221;1;374;375;0.96768;3
220;1;372;373;0.23618;6
219;1;370;371;0.2776;12
218;0;0;0;0.38887;0
217;1;368;369;0.71901;12
216;1;366;367;0.12696;8
215;1;364;365;0.83005;10
214;0;0;0;0.25672;0
213;1;362;363;0.00030503;2
212;0;0;0;0.76457;0
211;1;360;361;0.70346;12
210;1;358;359;0.80155;7
209;1;356;357;0.6049;8
208;1;354;355;0.34413;8
207;1;352;353;0.0061832;4
206;1;350;351;0.81017;12
205;0;0;0;0.090913;0
204;1;348;349;0.034658;10
203;1;346;347;0.99987;6
202;1;344;345;0.25094;2
201;1;342;343;0.073886;4
200;1;340;341;0.5981;6
199;1;338;339;0.94589;6
198;1;336;337;0.73871;3
197;1;334;335;0.18572;12
196;1;332;333;0.366;8
195;1;330;331;0.018839;11
194;0;0;0;0.14412;0
193;1;328;329;0.44509;4
192;0;0;0;0.11824;0
191;1;326;327;0.17444;4
190;1;324;325;0.89385;7
189;1;322;323;0.97109;4
188;1;320;321;0.0469;10
187;1;318;319;0.80308;12
186;1;316;317;0.75812;12
185;1;314;315;0.91192;7
184;0;0;0;0.10107;0
183;1;312;313;0.78974;4
182;0;0;0;0.12656;0
181;0;0;0;0.20789;0
180;1;310;311;0.63009;5
179;0;0;0;0.13701;0
178;0;0;0;0.53373;0
177;0;0;0;0.23487;0
176;1;308;309;0.28755;7
175;0;0;0;0.66127;0
174;1;306;307;0.00063049;5
173;1;304;305;0.47351;11
172;1;302;303;0.22208;4
171;1;300;301;0.4235;3
170;1;298;299;0.0078193;5
169;1;296;297;0.0016627;4
168;0;0;0;0.13337;0
167;0;0;0;0.20774;0
166;0;0;0;0.47251;0
165;1;294;295;0.57252;4
164;1;292;293;0.57482;7
163;1;290;291;0.99943;6
162;1;288;289;0.95707;8
161;1;286;287;0.99247;11
160;1;284;285;0.53262;3
159;1;282;283;0.87961;6
158;1;280;281;0.89231;6
157;1;278;279;0.65544;6
156;1;276;277;0.98376;6
155;1;274;275;0.35108;6
154;1;272;273;0.1555;4
153;1;270;271;0.45281;1
152;1;268;269;0.83073;8
151;0;0;0;0.10357;0
150;1;266;267;0.31394;9
149;1;264;265;0.25348;5
148;1;262;263;0.85082;12
147;0;0;0;0.081325;0
146;1;260;261;0.0042235;9
145;1;258;259;0.62566;7
144;1;256;257;0.38292;5
143;1;254;255;0.16884;2
142;1;252;253;0.28846;4
141;1;250;251;0.22751;4
140;1;248;249;0.73487;3
139;1;246;247;0.46819;3
138;1;244;245;0.51294;3
137;1;242;243;0.67525;6
136;1;240;241;0.90794;7
135;1;238;239;0.48318;12
134;1;236;237;0.02156;2
133;1;234;235;0.49334;4
132;1;232;233;0.011218;2
131;0;0;0;0.11695;0
130;1;230;231;0.0045745;9
129;1;228;229;0.89063;8
128;1;226;227;4.5018e-07;5
127;1;224;225;0.0033322;9
126;1;222;223;0.99989;6
125;1;220;221;0.15144;2
124;1;218;219;0.011376;5
123;0;0;0;0.086723;0
122;1;216;217;0.25831;8
121;0;0;0;0.060037;0
120;1;214;215;0.19169;12
119;0;0;0;0.26595;0
118;1;212;213;0.93828;6
117;1;210;211;0.93667;3
116;1;208;209;0.41628;12
115;1;206;207;0.39714;6
114;1;204;205;0.78498;12
113;1;202;203;0.36694;1
112;1;200;201;0.51632;8
111;1;198;199;0.80512;6
110;0;0;0;0.11405;0
109;1;196;197;0.44165;3
108;1;194;195;0.18659;2
107;1;192;193;0.14591;8
106;1;190;191;0.94004;6
105;1;188;189;0.71134;12
104;1;186;187;0.30346;1
103;1;184;185;0.23353;8
102;1;182;183;0.41673;3
101;1;180;181;0.75901;4
100;1;178;179;0.056296;12
99;1;176;177;0.54134;6
98;0;0;0;0.10819;0
97;1;174;175;0.84967;8
96;0;0;0;0.26956;0
95;1;172;173;0.22981;12
94;1;170;171;0.83045;4
93;1;168;169;0.98361;6
92;1;166;167;0.016595;10
91;1;164;165;0.53793;12
90;1;162;163;0.01545;9
89;1;160;161;0.53481;10
88;1;158;159;0.86026;1
87;1;156;157;0.18311;2
86;1;154;155;0.57465;2
85;1;152;153;0.070083;6
84;0;0;0;0.3536;0
83;1;150;151;0.0023543;5
82;1;148;149;0.014454;5
81;1;146;147;0.79676;7
80;0;0;0;0.78037;0
79;1;144;145;0.53644;6
78;1;142;143;0.047003;12
77;1;140;141;0.21951;12
76;1;138;139;0.0087423;12
75;1;136;137;0.0081627;4
74;1;134;135;0.98494;7
73;1;132;133;0.00097403;9
72;1;130;131;0.10823;4
71;1;128;129;0.044153;11
70;0;0;0;0.079741;0
69;1;126;127;0.0063862;4
68;0;0;0;0.052529;0
67;1;124;125;0.00060557;4
66;1;122;123;0.42753;6
65;1;120;121;0.30747;5
64;1;118;119;0.06747;8
63;1;116;117;0.68319;6
62;1;114;115;0.00075471;9
61;1;112;113;0.62409;12
60;1;110;111;0.10316;8
59;0;0;0;0.11629;0
58;1;108;109;0.95807;4
57;1;106;107;0.028387;10
56;1;104;105;0.53759;4
55;1;102;103;0.042023;10
54;1;100;101;0.76029;3
53;0;0;0;0.12521;0
52;1;98;99;0.74604;3
51;1;96;97;0.45005;12
50;1;94;95;0.58133;7
49;0;0;0;0.12877;0
48;1;92;93;0.69512;7
47;1;90;91;0.80462;1
46;1;88;89;0.036041;12
45;1;86;87;0.87112;12
44;1;84;85;0.040648;2
43;1;82;83;0.95495;7
42;1;80;81;0.017428;5
41;1;78;79;0.39724;7
40;1;76;77;0.84493;7
39;1;74;75;0.00086438;9
38;1;72;73;0.0056877;2
37;1;70;71;0.00069462;1
36;1;68;69;0.00011584;9
35;1;66;67;0.051727;11
34;1;64;65;0.0037609;5
33;1;62;63;0.38521;4
32;1;60;61;0.30547;8
31;1;58;59;0.97177;6
30;1;56;57;0.72083;6
29;1;54;55;0.055355;2
28;1;52;53;0.19609;12
27;1;50;51;0.9995;6
26;1;48;49;0.057575;4
25;1;46;47;0.5848;3
24;1;44;45;0.73112;3
23;1;42;43;0.18891;4
22;1;40;41;0.018571;5
21;1;38;39;0.0068705;5
20;1;36;37;0.77638;12
19;0;0;0;0.066484;0
18;1;34;35;0.010721;2
17;1;32;33;0.082743;11
16;1;30;31;0.12615;5
15;1;28;29;0.64954;4
14;1;26;27;0.025315;11
13;1;24;25;0.015552;5
12;1;22;23;0.45126;10
11;1;20;21;0.22995;1
10;1;18;19;0.99564;7
9;1;16;17;0.54224;3
8;1;14;15;0.049844;5
7;1;12;13;0.71878;8
6;1;10;11;0.26937;8
5;0;0;0;0.057185;0
4;1;8;9;0.13502;2
3;1;6;7;0.33884;11
2;1;4;5;0.95887;7
1;1;2;3;0.072822;10
